1 0 0 0 0 1 0 0 0 0 1 0
0.9999879919768522862 0.004304121906775067521 -0.00234316809350188426 1.43258189644224454 -0.004286275671020208129 0.9999621701275760444 0.007568761762711954597 0.243745125402557522 0.00237565632506188916 -0.007558627412453220937 0.999968611211704439 1.372378872262269178
0.9997316604777192195 0.02314637346766678858 0.0009232733926375896044 2.119845481609620386 -0.02315994302167062938 0.9995431522675805036 0.01941916049218609525 0.8387603756996212523 -0.0004733684561010606182 -0.01943533252310344211 0.9998110040262715437 1.534073353733316214
0.9998952053940480811 0.01438614174588109286 0.001617762548039329215 4.950867297536797551 -0.01441711491030457822 0.9996729998644702242 0.0211196623939405477 0.469392480742561069 -0.001313403082642482147 -0.02114077263579480781 0.9997756461850348941 1.489146183075717556
0.9999332464337802318 0.01113630873404513819 0.003079822102163697495 7.145993575104675699 -0.01120997858945696653 0.999623645299417718 0.02503805380471629816 0.4280255131061044271 -0.002799831499369636375 -0.02507090716515822382 0.9996817546386905784 1.490046014155541165
0.999969647058431832 0.006605229888362099816 0.004132299596722773492 9.654893493638164514 -0.006713686071582573162 0.9996180792667853643 0.02680712633452434976 0.4168603624381603256 -0.003953654153745031485 -0.02683405562163123162 0.9996320833575359499 1.462198678554079034
0.9999860270893443648 -0.003387585021615487427 0.00405831169212103951 12.74734066893162421 0.003278173665087362031 0.9996389249265881238 0.02666970845428712905 0.3438461535339568664 -0.004147192241819474233 -0.0266560319503198577 0.9996360621532083268 1.386366260229568104
0.999965350263242958 -0.006547928875696497689 0.005140321035565758451 15.26277866064545918 0.006406146682269067347 0.9996113731952576131 0.02713049692461605086 0.3575542545381654169 -0.005315971933251045084 -0.02709662720949173806 0.9996186839171598004 1.352180859118858214
0.9999513909467703243 -0.008324564841768885073 0.00528368846682090304 17.61704957078932665 0.008169385040517361529 0.9995535001904674033 0.02874128398393079042 0.3476132700315062718 -0.005520587983086763448 -0.02869672241180812669 0.9995729194166579346 1.328680936452843797
0.9999278893002945257 -0.01041624325560924595 0.005976460147771628546 20.01940103156317008 0.01023952590526693018 0.9995306020169779648 0.02887434398930757359 0.3516659195791967396 -0.006274417000271420054 -0.02881106572165406318 0.9995651825585408767 1.297539647039851918
0.9998980892973786672 -0.01276383118405562123 0.00639496934756909885 22.31564803363420424 0.01256480949246556629 0.9994633646728555698 0.03025075601092602762 0.3569822025571873225 -0.006777653124014702823 -0.03016732156356376551 0.9995218837663391032 1.281718808243442975
0.9998439189588257392 -0.01656800883958152101 0.00613504720019743266 24.65946535771222514 0.01637289960248975579 0.9993978249472841302 0.0305927385051501452 0.3731882324213369739 -0.006638213589806572952 -0.03048751504680652022 0.9995131042395626331 1.252801103530514881
0.9997779106464046439 -0.02032298615790791366 0.0055772409966860911 26.99770797441431824 0.02013345114818844081 0.9992798866774045274 0.03216134678239003508 0.402072378046511747 -0.00622683935661924072 -0.03204191498052393061 0.9994671291023070614 1.226220009498920183
0.9997009205227934681 -0.02387380661571018511 0.005301967894563693398 29.32962084190584306 0.02367355884998466331 0.9991043860371705554 0.03507119063654286911 0.4409348028243989526 -0.006134502201126378583 -0.03493518511420960065 0.9993707523856100172 1.209011993852833644
0.9995671360487484725 -0.02889412438622259577 0.005538059881977176746 31.6530961712598895 0.02866867539031132256 0.9988967563680509754 0.03719377862965362463 0.4884877108424537928 -0.006606631718797872747 -0.03701890994262550805 0.9992927262439129654 1.188471520671008363
0.9993824363242165276 -0.03475060488704408146 0.005209743434944016753 33.96780854635386504 0.03451582824839490027 0.9986083934786018634 0.03987397740899750048 0.5470519348976470297 -0.006588138356220130977 -0.03966953407932195808 0.9991911351182659606 1.162960353121082813
0.9991761228884513679 -0.04036984284789642968 0.004165481729457742865 36.27773258261967015 0.04015153358704989101 0.9982507273947524018 0.04339746082958850087 0.616783023963657584 -0.005910143840068971498 -0.04319445617534511256 0.9990492025698763934 1.140096367984629655
0.9989131789570331321 -0.046487690044508298 0.003369804190145143669 38.58026615475449006 0.04629484662181576615 0.9979585308670395616 0.04399497523538970639 0.7014207112413324285 -0.005408149611165456901 -0.04379115600239075895 0.9990260690160980284 1.125469355551717676
0.9985443020165363226 -0.05387781416024343267 0.002541269687088067945 40.87163292360806111 0.05371888585442337327 0.9976284782523903161 0.04303139182479878005 0.8011993898162363958 -0.004853680342551724806 -0.04283223693824780159 0.9990704886373124038 1.108610627923551251
0.9980647445166106468 -0.06216084928041233637 0.001671696662260132877 43.15694753421227858 0.06203674086275533933 0.9971969540815656119 0.04182914717723999753 0.9162041355172061419 -0.004267146132966723876 -0.04164449047816198152 0.9991233797067778921 1.086812634406229661
0.9975542453447868718 -0.06987389693373464994 0.0017793599654196779 45.43628373274539456 0.06974122821113999671 0.9967111204589080842 0.04126867384772329311 1.04814565129943249 -0.004657110927860898253 -0.04104364604712765208 0.9991465009882002368 1.065677734212973515
0.9968819977312698422 -0.07882158165072211675 0.003666178581440067072 47.70786880778816652 0.0786195279237645317 0.996141084159899326 0.03901166848245388868 1.198962972195079857 -0.006726992519460151324 -0.03860179678226161731 0.9992320295390976215 1.048622808470624168
0.9961331217246980341 -0.08772261139869559632 0.004852551122996081288 49.97874787001618557 0.08749172725622074431 0.9955098663553380023 0.03612898629771103126 1.368614950243461692 -0.008000091545159177323 -0.03556472182613768657 0.9993353536709779217 1.028764186512697076
0.9953123885863882636 -0.09666719207306853634 0.002950102229919748624 52.24745522353366312 0.09651030364422254204 0.994742390369099394 0.03425402302314611153 1.554792279834872115 -0.006245831966877357991 -0.03380873821186964473 0.9994088046458079466 1.000144070357476433
0.9944956887229480236 -0.1047774341240378937 0.0001200410435299186678 54.51288030471515356 0.1047130661272795554 0.993923608708353501 0.03392688954778848298 1.7630828315293261 -0.003674084061805289823 -0.03372757552132615855 0.999424310168488983 0.9687179013290463381
0.993604986188864725 -0.1128986578704056359 -0.0017391008271592295 56.77557663903316865 0.112889821854622277 0.9929859114881076643 0.03514068450903839319 1.9922761111093088 -0.002240433497691358619 -0.03511228612883557365 0.9993808622444944056 0.9439047519706762479
0.9925355868853830144 -0.1219530824846553202 -0.0007446063249831943055 59.03382836801383604 0.121909366653794593 0.9919751530893672342 0.03351718925263875992 2.240707824389104097 -0.003348893572364341608 -0.03335777759110137436 0.9994378637944549837 0.9298301299740030501
0.991208514199524271 -0.1323039806180502098 0.001156758829657114195 61.28984927589421972 0.1322152111377840611 0.9907969464148645988 0.02899222169429488405 2.507643921606053095 -0.004981899453278907167 -0.02858439587604663656 0.9995789678610884632 0.9132056375586921071
0.989739123310163782 -0.1428594074671023784 0.002767216539577659323 63.54311389992663095 0.1427568267643143096 0.9894814485475217358 0.02338699195026368305 2.793943284145883776 -0.006079161242478524699 -0.02275198185755600289 0.9997226571005287665 0.8981535003292022701
0.9881666330392387954 -0.1533574677357845417 0.002862243449165692913 65.79213031187944694 0.1532724671420533924 0.9879870771679266639 0.01972526718109469945 3.102754153849629937 -0.005852876564788717442 -0.01905314774112693704 0.9998013409658301764 0.8799726045337681324
0.9864432850534523567 -0.1641018429392065714 0.0004801217650646254958 68.03915947333007352 0.1640639566070089816 0.9862705471515865741 0.01879962669213052981 3.43100352210164683 -0.003558583342677392684 -0.01846599483553416216 0.9998231561227851616 0.8498070940802013862
0.9848024732474547349 -0.1736576608937080712 -0.002665614117264153426 70.2794672333473045 0.1736751298627181028 0.9845795020572617462 0.02097983307470672673 3.785655065681415188 -0.001018799717441273844 -0.02112394237826968266 0.9997763455421093681 0.8219440141606673134
0.9832661564788346409 -0.1820996514701602731 -0.005232825029177867564 72.51900172227209396 0.1821737666458788096 0.982952487479974657 0.02484202292453689676 4.166280186517353989 0.0006198946626059550873 -0.02537960384593265437 0.999677693778965315 0.8047942814865871597
0.9818311403991543118 -0.1896133781441626531 -0.007374182751667878073 74.75465370457320091 0.1897462683755447577 0.9814432718464675132 0.02766690775740242303 4.568624813818043862 0.001991326204306698155 -0.02856345525421691289 0.999589997771030303 0.7901009813574608742
0.9803878448892078268 -0.1969142188925759318 -0.008028947092948294714 76.9868538372160458 0.197064592342085898 0.9799803823298637306 0.02835483545467388372 4.989821095484126445 0.002284740366469093301 -0.02938095720940386152 0.9995656753385027127 0.7834983079647179771
0.9788324609922116615 -0.2045155238044550905 -0.007772633461054431758 79.21510010281294001 0.2046505103989489927 0.9784882236473765316 0.02605695256263280621 5.426451252364875799 0.002276379006274625166 -0.02709606440778792105 0.9996302423357492639 0.776580735857216764
0.9771713070350507291 -0.2122963308695387241 -0.00815503566773511171 81.44361151622574369 0.2124350910171684259 0.9768663433731807899 0.02456581546047953077 5.883711029495838574 0.002751147385740271983 -0.02573742574622219989 0.999664951923402989 0.7754760048747380008
0.9753314528970583597 -0.220582897034486386 -0.008470095960872394206 83.67036086175687615 0.2207298964305197675 0.9750000931285508488 0.02555643208840466946 6.360328064468848019 0.002621032522732936066 -0.02679559544384865766 0.9996374974226028831 0.7727797909867517578
0.9734730473368042869 -0.228664753714222041 -0.007915587003515908021 85.88846265600538743 0.2287971207994979883 0.9730900692654875783 0.02734217640840960056 6.855214060341884519 0.001450387071088493846 -0.02842793530495733856 0.9995947923391963474 0.7660812131157219707
0.9716158092560532866 -0.2364483714764032407 -0.007408564628964158828 88.10188832681821225 0.2365642663804528589 0.971172928237417743 0.02933413251891893447 7.36606778003756002 0.000258989541975897155 -0.03025410856257680636 0.9995422061321377338 0.7610893172616071123
0.9696149869223437134 -0.2445242049605877988 -0.007395290662014977236 90.31910825603780779 0.2446359682984624861 0.969154145448560489 0.0298912257116370518 7.895806400560410943 -0.0001419516005466836951 -0.03079213451943239518 0.999525799717786323 0.7510538633667376285
0.9674031086975943827 -0.2530901722971468648 -0.008751569506721592479 92.53143875879118241 0.2532401350892325431 0.9669310981103289571 0.0302272308877363366 8.443909319495014998 0.0008119496398803503811 -0.03145816577224105903 0.999504739630597494 0.7367577595732943685
0.9652084130295444098 -0.2612659294546478828 -0.01062231251599583988 94.74063223568660419 0.2614726670492106275 0.9647171471402784526 0.03086859892666045727 9.010035386422773129 0.002182613836927289538 -0.03257207576623508127 0.9994670059972552423 0.7244097611445068363
0.9632524034597198526 -0.2683671403464218952 -0.01113037337006426118 96.94786419312298165 0.2685876204184665106 0.9627500717550856457 0.0311927795094175328 9.592980504731244196 0.002344650724291413076 -0.03303600033087016746 0.999451412173258058 0.7156143598782693793
0.9611647667769102066 -0.2757434755103892465 -0.01130605236760993774 99.14836992126332404 0.2759635535913427251 0.9606932256732158004 0.03020998568072914142 10.19061335051992856 0.002531441471946141615 -0.03215683222960727394 0.9994796295798283881 0.7091153354633241701
0.9587329894130539598 -0.2840610203778691778 -0.01184870089894765784 101.3495317478668625 0.284284185562835523 0.9583594302540719978 0.02701303911013696116 10.80440322237293138 0.003681962789633596786 -0.02926669002422832219 0.9995648573279481974 0.7077929109770293437
0.9560906822808832306 -0.2927828817174699672 -0.0129919755575950667 103.5430846792733206 0.2930190411041039278 0.9558161209595442687 0.02356659636607266392 11.44032333500870457 0.005518043684730519934 -0.02633869941861105915 0.9996378464758272075 0.7099307473723579509
0.9531874099478169216 -0.3020204663132743383 -0.01474447167194562792 105.7294799692976142 0.3022749518010189318 0.9530084813150487832 0.02011685997555263603 12.09201523087858732 0.007975903125298408267 -0.02363202212034877514 0.9996889078607600343 0.7049635005892074258
0.9503892078198238336 -0.3106213467226792146 -0.01657506017475476184 107.9079725049114984 0.3109062460648729931 0.9502528114598621789 0.01889180961359302607 12.76439669601793447 0.009882298186974385057 -0.02310786171017798971 0.9996841335690623831 0.7116253982894564789
0.9477798449018213223 -0.3184854659640771191 -0.01674435927482036471 110.0805620791844177 0.3187809399563160673 0.9476238366032946336 0.01969204463279380923 13.46039745852482383 0.00959572396680849482 -0.02400150559646255233 0.9996658690835932282 0.7247781670141455468
0.9450450687223982404 -0.3263804197209899116 -0.01912170772258821316 112.2500375140222104 0.3267731235218998553 0.9448144515160157297 0.02334476280092673273 14.17302569359987352 0.01044719231271332843 -0.0283103131250928737 0.999544587471484669 0.7298090907129273219
0.9422694168312207852 -0.334038899118286825 -0.02337434449121910882 114.4121235045904683 0.3346141431407336775 0.941943836818637914 0.02784211718917675715 14.90316793834562148 0.0127169695581845852 -0.03405616178059769905 0.9993390098109999897 0.7346601782475612463
0.9395450232088354836 -0.3415636720903433843 -0.0242777114174528956 116.5482849039608766 0.3422095785934934353 0.9391067591898072386 0.03116246400528939822 15.64556139412072078 0.01215539725275977673 -0.03758660336047512512 0.9992194421474444033 0.7549464568382060481
0.93658612234973182 -0.3497330549373704467 -0.02220868537458808162 118.6970493677863487 0.3503007120327437662 0.9361090827940012904 0.03145149058353787636 16.41537884936968439 0.009790126211951554955 -0.03723674790778423033 0.9992585141163452533 0.7705812054506684383
0.9335001332613399594 -0.3579974280631446626 -0.02037995832267805452 120.8417470240206057 0.358481348775044506 0.9330554661019518914 0.02997698713503904946 17.199511353757309 0.008283947216478772246 -0.03528935643282524875 0.9993428028164668131 0.7876804542124933306
0.9302270517606961997 -0.3665181802859948101 -0.01849474769890369075 122.9662017492517236 0.3669184162870128274 0.9298341182190974497 0.02791752827783748961 17.99910217270381452 0.006964765755818998032 -0.03275570355764825109 0.9994391206683926887 0.7936598280168765118
0.9270438133036112971 -0.3746270850240267514 -0.01563059122041269081 125.0814654776983303 0.3749226257552671915 0.9266936627633275414 0.02592064989663729613 18.81635590492989962 0.004774192316494974345 -0.02988984042595084836 0.9995417972886557756 0.7938216307847549835
0.923930428294939543 -0.3823507907264210859 -0.01266635312985579624 127.1862853595267779 0.3825508243457308444 0.9236363430578881095 0.02346854437439784002 19.64933316826031273 0.00272588758599073052 -0.02652882608657665051 0.9996443322118806485 0.790902803461602355
0.9209611079511312859 -0.3894807924914618913 -0.01163399852362114253 129.2794991317569782 0.3896469517541343297 0.9207186351189249329 0.02127082352555280387 20.49671644030947704 0.002427062037965711534 -0.02412275326256717659 0.9997060578714611623 0.7884387932722416448
0.9184951158813031702 -0.3952559020635995068 -0.01181075721881339434 131.3613019400670225 0.3954205496650554652 0.9182884766087324735 0.01971960015311759185 21.35634482985659588 0.003051393907205753996 -0.02278257253919441921 0.9997357867875489301 0.7842315434091231552
0.9162624146833177052 -0.4004010584714047249 -0.01192391771502516497 133.4357933912321528 0.4005597120198546301 0.9161020874705363415 0.01757505159869755459 22.2320855998492739 0.003886456646753408146 -0.02087960026208544526 0.9997744434359324694 0.780676250506267877
0.9139051810680716148 -0.4057759382357241096 -0.01109990837137723313 135.5015237045699337 0.4059071232713859501 0.9137925799438781915 0.01491737634636156745 23.12017139012147382 0.004089901524861190053 -0.01813859940648384489 0.9998271170142806197 0.7791817768731739147
0.911312772577428154 -0.4116254028063197623 -0.008576613654332253603 137.5554640452606918 0.4117087010204560915 0.911214512630432294 0.01356677838443716942 24.01665818569665589 0.002230704213773853674 -0.01589464489124439717 0.9998711838144410669 0.7761454209457323561
0.9084024026263937124 -0.4180516836818756188 -0.006153427771916837249 139.6118371977863717 0.4180969014721195309 0.9083121886633168662 0.01280425339752032897 24.93064573666342909 0.0002363937561686696974 -0.0142041436350155495 0.9998990881191901492 0.7740597486400770944
0.9051044567789182649 -0.4251472754640617802 -0.00597632700113536787 141.6500452443040672 0.4251878534765028417 0.9050483994054517867 0.01013331089396872844 25.85275435607558947 0.001100715668700047098 -0.01171276650134387212 0.9999307973684486983 0.7629389308101175438
0.901673088967163805 -0.43236309396260314 -0.00691343702498396339 143.6692495057174028 0.4324067207741852381 0.9016508884342788743 0.007078362451253699707 26.78524218921041111 0.003173083946098464048 -0.009371785569503262789 0.9999510493886739626 0.7583135563663128131
0.8982071839057701457 -0.43952397281846739 -0.006521663739970073523 145.6668827610675407 0.4395622685300322741 0.8981882194985215673 0.006552437623317926285 27.72709108610665041 0.002977728126925898843 -0.008752123853489911232 0.9999572658185225116 0.7587716161363506906
0.8946287185982937373 -0.4467790090633210198 -0.005288943143188358682 147.6867539324306904 0.4468093104266915305 0.8945891092856135263 0.008471461715485560998 28.6983826223617271 0.0009465596649646270105 -0.009941961977873319672 0.9999501294648804883 0.7611423572063495957
0.8908367837534723055 -0.454288443719035484 -0.00564221721542099066 149.6651309247365589 0.4543220545289770596 0.8907964013140960979 0.008558164197135625581 29.67266847055794443 0.001138191696720747487 -0.01018731118561924665 0.9999474602250204569 0.7566171670968027119
0.8865807435268686643 -0.4625396550484677238 -0.005626074563069827748 151.6400133453158787 0.4625675459871185224 0.8865666444617742448 0.005554307089549249607 30.66421995248066068 0.002418802761639191664 -0.00752678121340889187 0.9999687479905388088 0.7533300459308185371
0.881804889357443944 -0.4715965263680770847 -0.004105292056561102125 153.602247145853454 0.4716054702761005024 0.8818083450262490519 0.001524154757814319546 31.66875566859275537 0.002901294704812941092 -0.003280085308533315942 0.9999904117187347063 0.747363004296111022
0.8770227070480013376 -0.4804400227436707582 -0.00292504158205574797 155.5281007091576271 0.4804335639889671938 0.8770270965798289131 -0.002657528478574410716 32.68160718426067035 0.003842123768773864686 0.0009254246682535159944 0.999992190806572645 0.742859935831112983
0.8720429430226661616 -0.4894178707966639341 -0.003354589278423254772 157.4632829709686632 0.4893992494780660674 0.8720448347975255921 -0.005116709221953066704 33.72174101091005127 0.00542956118601008262 0.002820256693335660737 0.9999812828335893355 0.7411019632475821517
0.8668299893292521485 -0.4985795404206941339 -0.004920515556128616554 159.3812921447253075 0.4985594335303779601 0.8668422919697342799 -0.004788746237454000014 34.78019299954790711 0.006652881880608404151 0.00169785940157185229 0.9999764279402465483 0.7502539787531543602
0.8614359488704600443 -0.5078071424221386465 -0.007746747621547036937 161.2864414351025459 0.5078017409509835156 0.8614694295231443144 -0.002795332577457524705 35.85798739040040317 0.008093076102472118727 -0.001525811957658843032 0.9999660864334697363 0.7551897615730944757
0.8560198605634049551 -0.5168855290760846488 -0.007703775226784373778 163.1743322185640466 0.5168960573604044484 0.8560478738010475208 -0.000709680192332702792 36.95449631190685125 0.006961623824818652731 -0.003374550702230346821 0.999970073652846736 0.7675179325143179909
0.8505440428907425909 -0.5258960737789676321 -0.002854940794021987738 165.0627751897125108 0.5258954911339819294 0.8505485928739042745 -0.001011713976073837446 38.07962257834249442 0.00296032228289824827 -0.0006408931955717238728 0.9999954128634257478 0.7746844268143200374
0.8447678872292135877 -0.5351262365201280291 0.002669774165492788936 166.9238565903627034 0.5351328938875694607 0.8447578442700839352 -0.004119517408142203685 39.21360035716663361 -5.085082183136132173e-05 0.004908719992486682004 0.9999879508685238783 0.7750436696352849264
0.8394309348469314314 -0.5434641339962102968 0.001562268144687864891 168.7699761695052985 0.5434620548355461045 0.8394093188018072471 -0.006402379449215535138 40.36125295600178475 0.002168081163764850727 0.006223388822415962425 0.9999782841920280552 0.7698615553255125921
0.8350305528037081926 -0.5501524195821515528 -0.00750274031522632761 170.5864860128112639 0.55014866696998177 0.8350622330071244548 -0.002740663479347219423 41.51786999107345366 0.007773037725728785229 -0.00183908484283546109 0.9999680983168689474 0.7591571601896727195
0.831744553067486958 -0.5549361423690284401 -0.0157122988498741567 172.419353870143226 0.5550625762754856085 0.8317938555252263333 0.004951598620610257392 42.71232788898711874 0.0103215726024201461 -0.01283977426049056313 0.9998642934598437337 0.7596661077755590963
0.8285541012173982534 -0.5596497853787080201 -0.01703581760278711707 174.2258312313017825 0.5598625526829654753 0.8284937268501969543 0.01233153166418917215 43.91023119704446032 0.007212728966419074822 -0.01975505746479393893 0.9997788326652148339 0.7682346838233067299
0.8243497325312575397 -0.5659326071219006327 -0.0129538670617173491 176.0255420644874391 0.5660754270574063218 0.8242260672539425403 0.01449140920940393193 45.11817187796553696 0.002475753909261389513 -0.01927885513477965024 0.9998110803483191145 0.7845959718594739396
0.8194919983492110482 -0.5730122114444698989 -0.00947998824550024162 177.8214809846099058 0.5730891711992679438 0.8194150534682300702 0.01130362790407072812 46.33836056886171662 0.001290928252407785642 -0.01469611122629536047 0.9998911729878764421 0.7877424706674922561
0.8143981087449340128 -0.5801807886387434499 -0.01208192729659975095 179.6074803290196371 0.5802816907117400724 0.8143794727866491279 0.007696345136745034836 47.57257582005318852 0.005374001990978836962 -0.0132788101223406535 0.999897391387904233 0.7885386206116449248
0.8098368407655720524 -0.5864236694037345821 -0.01647942055708089687 181.382773195124031 0.586596493598109614 0.8098335911741726401 0.008608618027654613147 48.8238903068749579 0.008297290957937953487 -0.01663834634218562189 0.999827145257497385 0.788921506420421359
0.8061189318172966578 -0.5915592859748287635 -0.01516175922152037531 183.1478784891490363 0.5917306219234239606 0.8060486230889837289 0.0118527758129192539 50.0912645944447803 0.005209495547402966456 -0.01852642419098382218 0.9998147992317564237 0.7925354509512301249
0.8020793667737765587 -0.5971261598103428936 -0.01044215810695088217 184.9084967768008596 0.5972164781701343461 0.8019870765404887303 0.0122150425337713732 51.37130721612192019 0.001080554412856202413 -0.01603366246973101164 0.9998708686975371629 0.7891273035691035442
0.7978206200397249814 -0.6028527587748305772 -0.007128076669396886562 186.6648070025490256 0.6028948562468623429 0.7977692099390165659 0.009059800458755882038 52.66267077248048878 0.0002248343924190343969 -0.01152557637835345192 0.9999335530617236012 0.7749072768378768572
0.7939430812724836972 -0.6079605462060559962 -0.006193380045531163974 188.4510383041825605 0.6079849316082395205 0.7939419755722136873 0.003234557437219097182 53.99862193946267297 0.002950701082551956608 -0.006333536241664658624 0.9999755895429632835 0.7611365406527874633
0.7905493186276981721 -0.6123059590305875988 -0.01063895450289483423 190.1570661989110818 0.6123549218378503411 0.7905808820696358374 0.001821704409808864956 55.28475686932353739 0.007295513569479055056 -0.007954963332972082857 0.9999417453232606334 0.75269893517994646
0.7875769953832334469 -0.6160321697259604212 -0.01506128167998289046 191.8803909059517139 0.6161326820652544001 0.7876374641011935074 0.002782666943301458692 56.60446604858294251 0.01014861735382878438 -0.01147131234718574803 0.9998827003998213003 0.7534055514618527294
0.7843777429877395457 -0.6200316037880634346 -0.01767389627279464248 193.6057620533750026 0.620196537263048242 0.7844263777477469279 0.005613649479043531475 57.94051189823863979 0.01038323034436232015 -0.01536451097662999525 0.9998280453808369161 0.7590576298634670316
0.7811937183620843994 -0.6240685959347471723 -0.01657594521147114433 195.3329059694292482 0.6242442761434259246 0.7811794687555858596 0.008815968291171280211 59.28606539163806133 0.00744701912114221435 -0.01723441797027021327 0.9998237428384242342 0.7649183759295277163
0.7779962004465470482 -0.6281619252332282244 -0.01159774883416809371 197.0527976420349603 0.6282600073723110246 0.7779511828510697891 0.009017773403955079217 60.64596510229298332 0.003357860521205259779 -0.0143021952128216355 0.9998920801690622806 0.7623812681189354734
0.7743727841976770776 -0.632697390324880371 -0.006387751562472224719 198.8103663653301112 0.6327271410865279444 0.7743586143605305505 0.005010119570246396488 62.04790156987474603 0.001776520871484799004 -0.007921404024869023452 0.9999670471229878954 0.7560254815958258323
0.7710584684231570618 -0.6367602079848483365 -0.002296910975182263163 200.52721456545666 0.6367615735291594081 0.7710607426583273583 -0.0001720693397648107774 63.42408005207860811 0.001880624790920555189 -0.001329909125231814931 0.9999973472925387519 0.7416820161958819213
0.7682528120054408216 -0.6401442269245205541 0.00172788337012904432 202.237715363839385 0.6401445569644543809 0.7682408603968793326 -0.004574560683289960288 64.81053238530890326 0.001600948005190560913 0.004620514243084548195 0.9999880438353321299 0.7325737383517028078
0.7659197834877420341 -0.6429337568963903182 0.00175200033783742457 203.9465392073736894 0.6429253871243412188 0.76588836232407842 -0.007871661041821320995 66.20927764939118276 0.003719119937095597198 0.007155466416286782039 0.9999674831949580955 0.7088896815383665118
0.7646369639488271863 -0.6444611870962430045 -0.0003028029411100637046 205.6456625246573822 0.6444388163863595809 0.7646141739443594876 -0.007986046451943621532 67.62151316446967542 0.005378224397310119725 0.00591128834400119537 0.999968065176306653 0.6939522586389226255
0.7640307802674337623 -0.6451760557724912637 0.002196329161965777932 207.3517553164194567 0.6451786832945465289 0.7640187205168449402 -0.004456604325986606926 69.03572980801516223 0.001197257805019732047 0.004822007637325263427 0.999987657331876223 0.6937257980199864615
0.7645718604536937413 -0.6444816596779050499 0.008559237185083471908 209.0555055767257215 0.6445075130796539264 0.7645978968131765807 -0.000348959520359385766 70.45446994509867977 -0.006319476739198333706 0.005783297301721249291 0.9999633081698861004 0.6933952746838147885
0.7662307932408143341 -0.642472206439245741 0.01094693759183998361 210.7649873614249714 0.6424779832193093787 0.7662963963159855618 0.003445877476457596435 71.87893549328605047 -0.01060247933274198646 0.004392828954236235699 0.9999341430743214909 0.6642493848169994664
0.768148487848268946 -0.6402001141262557704 0.009576768199510751062 212.4934616724117973 0.6401681010449532527 0.7682073439206799081 0.006502241985103652047 73.30029195526097396 -0.01151967972283007499 0.001136054163947594056 0.9999330009355726911 0.6241981504193148123
0.7700396416835439961 -0.6379861953764587312 0.003544678398711106123 214.215882367452906 0.6379781101434377488 0.7700477694150510422 0.003219285124370762502 74.72312247865107793 -0.004783431162550534979 -0.0002175499377716466729 0.9999885356634533595 0.5860318436877738346
0.7702764568015364466 -0.6377099736867758439 -0.0004117738244071612874 215.939683591924279 0.6376857355506212466 0.7702525040269211365 -0.008245163159154958107 76.13839892694701916 0.005575192600610239142 0.006088472769886871423 0.9999659232827868838 0.5549144519075233095
0.7697997165904065797 -0.6382822040956599441 0.002055303412145611987 217.67549281095026 0.6382292436165115657 0.7696851066710016509 -0.01575655931808470425 77.55623619201945473 0.008475194984492543174 0.01344114963963766347 0.9998737453130468467 0.5441514890227703294
0.7698124830590771239 -0.6382390903046741837 0.006293213287357304377 219.4158220952121496 0.6382526438639286592 0.7696810371516520366 -0.0149887841355601046 78.97453783334941591 0.004722661021423285414 0.01555521315248743243 0.9998678571774659574 0.5603809562905341934
0.7703506288474518682 -0.6375550613991405324 0.00913522406258467437 221.1553201390787251 0.6376194533320654889 0.7702442676224866558 -0.01285305128042256786 80.40000452725153934 0.001158173930603261306 0.01572615270933324164 0.999875665647539047 0.5655300619088667879
0.770869335311321402 -0.63694268744921545 0.008029992630920679969 222.9019916050953043 0.6369902125076590815 0.7707650753331066751 -0.01283229582724080241 81.82453141938967178 0.001984199115250238465 0.01500705006726846084 0.9998854191366876032 0.5573293041630651423
0.7712080962992948763 -0.6365462486275074161 0.006851683053470299274 224.6492201440287886 0.6365642969497332659 0.7710578423836630391 -0.01599060810419943024 83.25422051279065272 0.004895717650095246683 0.01669362324056244268 0.9998486659949058497 0.5509298107310793835
0.771281996818381721 -0.6364675287621915922 0.005759011651205079955 226.4082336183018072 0.6364462861756273737 0.7710828131436352484 -0.01916820512591410619 84.6800879256988992 0.007759265242359140134 0.0184493931023910103 0.9997996867858341963 0.5433697409567195269
0.7709604996427181778 -0.6368472357050408705 0.006745840607245479938 228.176293752028414 0.6368262855073343331 0.7707073422320105394 -0.02150522533250234444 86.10831022937452417 0.00849647442068720074 0.02087560788381192731 0.9997459771951572316 0.5303442624980796438
0.7708008808834474479 -0.6370242040937966754 0.008134213420259991251 229.942582086608553 0.6370286951567877276 0.7705248415129806183 -0.02204336993829683622 87.54890944104994333 0.007774546684010075377 0.02217277632731395887 0.9997239240979466368 0.5298113043428378521
0.7711977932453699669 -0.6365232652965888693 0.009596688472596683062 231.712889680550461 0.6365596719315211871 0.770906464098793931 -0.0222487680811573954 88.99828073979750798 0.006763709330377661554 0.0232670657123617633 0.9997064048455580609 0.5206620546440297037
0.7716952687790731291 -0.6359152989970432435 0.009906797943589109798 233.4939382169532678 0.6359564951534709687 0.7713923448046214881 -0.02265362330712696742 90.44445294534676805 0.006763757543507229256 0.02378198642521176659 0.9996942876227530306 0.5116276052036612398
0.7726687371648053304 -0.6347358524923322198 0.009665410957494699126 235.2822328802822938 0.6347645875925180814 0.7723436008178632406 -0.02364911444848403696 91.89705611707741184 0.007545922517851357328 0.02440819199632244044 0.9996735963387375357 0.4929414817577768559
0.7731597803051185602 -0.6341307808102690791 0.01010479824139560133 237.0739995869518566 0.6341675062876892532 0.7728210706084521764 -0.02406588441049598015 93.35328733176794458 0.00745171707691974234 0.02501490860595352583 0.9996593050935109748 0.4988222046817003541
0.7734093094589482575 -0.6337917843287116382 0.01208363189031600414 238.868407412414598 0.6338698833706661873 0.7730173680093664901 -0.02555620690810129006 94.81500620901300636 0.006856456657113141166 0.02742485867419328788 0.999600353205624681 0.4929177740537948882
0.7735723911022646115 -0.6335351336848006332 0.01479831447519975793 240.6707715025773666 0.6336767957316638 0.7730919111786982434 -0.02797526445485614896 96.27889176464991294 0.006282855686419358369 0.03101824071493534257 0.9994990717691407678 0.4869867093944579839
0.7734603503571639838 -0.6336395395772683736 0.01612514526075810653 242.4765579296630733 0.6338139557795829937 0.7729220192614869589 -0.02951985094445076438 97.74512705028028847 0.006241464925001416995 0.03305277635922763968 0.9994341189345783416 0.4734704492969545875
0.7731969968072928134 -0.6339718159934712993 0.01568887039029421421 244.2979057958475835 0.6341286594757546968 0.7726467941682910734 -0.02996288859480846292 99.2074161666681249 0.006873671483678137073 0.03311597782646352045 0.9994278786650548918 0.4638457313995147935
0.7729418378191661443 -0.634288933858345616 0.01544227099792335779 246.1254744200773814 0.6344423943227855966 0.772417100567024506 -0.02923475735494104541 100.6700292552094425 0.006615408883886762965 0.03239399846382932241 0.9994532831647632287 0.4633187949514323556
0.7729626832381166768 -0.634217532432308051 0.01722822906758612535 247.9527689501090322 0.6344205556779290989 0.7723718431088746339 -0.03085926936768919673 102.1413654446290877 0.006264890632606370455 0.0347830063116214977 0.9993752516533952468 0.4538340989407172454
0.7728676198197289571 -0.6342952068337263105 0.01858044192013244902 249.7798652398574859 0.6345372048631482409 0.7722145115598744169 -0.03236176417946994011 103.6191520888546478 0.006178825021799456974 0.03680134133567720262 0.9993034991418998647 0.4444366646444493085
0.7730084612693686186 -0.6341339551504069361 0.01822212202968872402 251.6053464308268985 0.6343597530548958918 0.7723398935404963694 -0.03284497754583270285 105.0958551708126123 0.006754443729473468341 0.03694882638402061797 0.9992943318756235538 0.4389356177605392428
0.7731361075781031378 -0.6339999834812162227 0.01745222349150498189 253.437445773714046 0.6342008769328991713 0.7724893189532353599 -0.0323959843299793035 106.5855250757920061 0.007057397290892274654 0.03611472066878282372 0.9993227307003950122 0.4377423724935836091
0.7730027174180924554 -0.6341656489367030192 0.01734152741067284884 255.2231668265164046 0.6343582438038189997 0.7723360622876169757 -0.03296400170174737521 108.0338514181158587 0.007511150536327361286 0.03648200376553555752 0.9993060822485131389 0.4340145133612918205
0.7726451338733122398 -0.6345934480238708542 0.01762534615450843042 257.1124850753722058 0.6347987415134770384 0.7719899194271039322 -0.03259021441843171912 109.5548867015454562 0.007074946981936071876 0.0363692181399104808 0.999313376822853483 0.4387138317332375248
0.7723653327496756704 -0.6348975280056171622 0.01889237144562302614 258.955120457864723 0.6351463794896529125 0.7716851491318006406 -0.03303191230638077153 111.0446705495677833 0.006392916992150495664 0.03751212526353705362 0.9992757232468645334 0.4354281102361072797
0.7721369076266011433 -0.6351279210853059132 0.02042350946059552294 260.7374364791106132 0.6354359818676682536 0.7714569899455239188 -0.03279063299273295845 112.494352314139519 0.005070387431150774789 0.03829669074540476004 0.9992535487298750407 0.4266120456390718463
0.7719815825122010589 -0.6352453987551809345 0.0225326346069205305 262.639009985995699 0.635633599749043432 0.7712713311482354284 -0.03332357452168004802 114.0368296887518369 0.003789872297416231519 0.04004768544123659541 0.9991905823008786491 0.4332222278946180616
0.7716413235013939165 -0.6356124284656226031 0.02380144207923003824 264.4920832950616614 0.6360451988845735594 0.7708488729984199761 -0.03519261247689622202 115.5311540439287938 0.004021547077977930852 0.04229486703016739624 0.9990970780569824461 0.4323899039469045746
0.7714653613517568065 -0.6358283319643700526 0.02373875535512111681 266.3404038133406289 0.6362516635965409506 0.7706111401068898026 -0.03663729402935760049 117.0300332495651929 0.005001680221446193515 0.04336822586371602561 0.9990466356383950197 0.4187599314047072419
0.7714572009037302669 -0.6358795344746791534 0.02260541550263637373 268.1944717825446673 0.6362504729619672394 0.7705836856823976566 -0.03723061933146769309 118.5381471866640766 0.006254824494294124702 0.04310453568242055694 0.9990509877749725876 0.3978689611660506387
0.7714838925363761701 -0.6358577373601025373 0.02230563597416891641 270.0449685687282795 0.6362102074309815558 0.7705764148226454946 -0.03805996426306487018 120.0517780286050851 0.00701252576100467543 0.04355372266947062088 0.9990264749865651606 0.3908791955960075892
0.7712081745981796965 -0.6362013312671741527 0.02204126872072073584 271.9091726041928041 0.6365448489610070482 0.7703203256498458718 -0.03764639626742743994 121.5593746627539389 0.006971850124067545222 0.04306346461434258643 0.9990480125205478679 0.3853883987840076575
0.7705792319762443388 -0.6369195273938177415 0.02326290762861133246 273.774696923358249 0.6373094220672708143 0.7696423538101540007 -0.03856614792595731978 123.0655680535133598 0.006659413726648185511 0.04454394286546101145 0.9989852298021306698 0.3861140413095505153
0.7704228510979209688 -0.637129155343530984 0.02269515184768184507 275.6449726680640424 0.6374970482066745214 0.7695115306016575563 -0.03807253339181788931 124.5768935033788551 0.006792940006170616885 0.04380004203574457133 0.999017223216767003 0.3869751217622379169
0.7703921403502327347 -0.6371445834870761438 0.02329656240022421818 277.5121014900199725 0.6375324962103583459 0.769433808785376816 -0.03903754825571936066 126.0971237832172847 0.006947399684536225382 0.04492653593488445812 0.998966135565422908 0.3735679830330627116
0.7701665095941775396 -0.637362709267084715 0.0247451881230120567 279.3789955248022352 0.6378088334693442496 0.7691447596108043072 -0.04020237196624706216 127.6180868621232349 0.00659086094497208716 0.04674522006536910301 0.9988851009766059885 0.3749647896917911449
0.7703572084843702816 -0.6371585361402438696 0.02405766322380692088 281.247540113142918 0.6375728893949030862 0.7693399156753097934 -0.04021075549329897192 129.1434617718563231 0.0071121055112550206 0.04631515920655743246 0.9989015587047944678 0.3601580878658507956
0.7702934968343563282 -0.6372257336901748781 0.02431651820713276457 283.1216418325510631 0.6376493332461932173 0.7692566394838822319 -0.04059002858646158091 130.6634294600481212 0.00715936766654556335 0.04677164667811910259 0.9988799510059416242 0.3644821982250940895
0.7700675687766179722 -0.6375427301843921146 0.02313453495318330833 284.9946071225385253 0.6379194888336843228 0.7690891247628091065 -0.03950498623904565021 132.1906120842267569 0.007393597543799640751 0.04517947941939533252 0.9989515250274924041 0.3598886608267017895
0.7698798466241860705 -0.6377818384339574154 0.02278921511858690227 286.8723417052598279 0.6381481385534131245 0.7689363483618263384 -0.03877944595780023068 133.7152941666783761 0.007209370481097794083 0.04439840911318168604 0.9989878909403681062 0.3645460788061807289
0.7695989388849046042 -0.6380988746148926749 0.02339443272311409264 288.7499205265746696 0.6384935583932616066 0.7686630300395804749 -0.03851132483674880869 135.2424772088312466 0.006591597495251989847 0.04457546932538663381 0.9989842733381152362 0.3615162411689019084
0.7691259045828757746 -0.638637960180667652 0.02422599256684753247 290.6309393244782768 0.6390650895276327459 0.7681539027536390396 -0.03918409156011742889 136.7704327900048042 0.006415157567181325668 0.04561948597506173403 0.9989382905128622037 0.3586017116846291763
0.7690796114252396176 -0.6386885175636271006 0.02436244697026172801 292.5025358201519907 0.6391164235853787901 0.768068990560239695 -0.04000278544313017742 138.3095902507241988 0.006837279681062357478 0.04633576666195191041 0.9989025219381578724 0.3436374114249967082
0.7690766162835028785 -0.6386806480836079158 0.02466146892259962406 294.3822775773923581 0.6391171161575315285 0.7680275803730465256 -0.04077925478480386862 139.8457767221946995 0.007104232569255828494 0.04712393818248026417 0.9988637866745273541 0.345567206160593221
0.7688797823121107378 -0.6389191327920950014 0.02462157801357378953 296.2613519389693124 0.6393553807609964057 0.7678441027821096831 -0.04049852978440471318 141.3781592528159479 0.006969752050294400654 0.0468804391503986756 0.9988761920185219578 0.3497535442920391979
0.7687777612476383027 -0.6390868336265521643 0.02342590225064842754 298.139845351648205 0.6394749863079315366 0.7677974982320767694 -0.03948092697790849676 142.9166927692996012 0.00724539146907561462 0.04533233717504232818 0.9989456859653121912 0.3506559628846526167
0.7686695609087319525 -0.6392472234559830602 0.02258524819862942068 300.0186133080572972 0.6396054783086638773 0.7677436702980349192 -0.03839907335923281595 144.4568391100935969 0.007206819681564351557 0.04396184733514793552 0.9990072160544980484 0.3536632080141359769
0.7684665075799541611 -0.6394315306869128301 0.0242186764968688184 301.9008877367617742 0.6398523194856042817 0.7674598735871424049 -0.03992933360951084892 145.9954618705839664 0.006945212506503076547 0.0461807318802886918 0.9989089568255159479 0.3572832698590102662
0.7687070748741624548 -0.6391989125106148917 0.02267560988498888708 303.7870276613770102 0.6395584419397107867 0.767763770309396465 -0.03877876150613670386 147.5354643248911088 0.007377830443866991057 0.04431188605270131031 0.9989905026437407853 0.3636168768863894396
0.7689837098672352989 -0.6388925804385209295 0.02191630943912916199 305.674028654131007 0.6392251677444081848 0.7680811332428556515 -0.03798101734424248754 149.0750088314086099 0.007432286388235878963 0.04321624019947309381 0.9990380962215928973 0.3599715055436265576
0.7693052260158570466 -0.638522188336862806 0.02142158318600994801 307.5568263217144818 0.6388480005905384784 0.7684894885625801475 -0.03601580361862717627 150.6178256160033015 0.006534628234458973728 0.04139228153083705092 0.9991216030411460558 0.3575162043240975862
0.7697804216819663647 -0.6379477477605139946 0.02146563584946399941 309.4425022546880655 0.6382738053548508983 0.7689508187584142007 -0.03634814615083341999 152.159002047474047 0.006682199710578864624 0.04168104434934518515 0.9991086220972050791 0.3555293811451960551
0.7698511963609553366 -0.6378380337987262783 0.02217607046752742908 311.3275152470242233 0.6381825850117093246 0.7689440397052262899 -0.03805327830266297395 153.6995488808057075 0.007219671002077969295 0.04344774380312995538 0.9990296141301514554 0.3458597233214490974
0.7701682105852426519 -0.6373796940670712896 0.02424980401760067766 313.2123412191790521 0.6378072628133105715 0.7691808480457874575 -0.03953123451342998446 155.2464024348734881 0.00654392134106141464 0.04591240127165906876 0.9989240354015674894 0.3296081917748758805
0.7702742156403959983 -0.6371903386667322478 0.02580901062318948988 315.1079756625455843 0.6376827567864371549 0.7692139283772257974 -0.04087339094968504144 156.7841437090893351 0.006191479372694411523 0.04794168019845782697 0.9988309470991205696 0.3254349675180976398
0.7704302731351110323 -0.6370228160681372653 0.02528094233960306511 317.0056594720853695 0.6374894126801444738 0.769367521507678731 -0.0409983605752233457 158.3217281430624723 0.006666555158606726934 0.04770271122013524517 0.9988393306155728402 0.3227455040578535161
0.7707835905613518168 -0.6366461907063282188 0.02396423127229422093 318.8972661981675856 0.637053819573871305 0.769747642816965616 -0.04063246662542986665 159.8648550009339147 0.007422094562312843598 0.04658534358407977194 0.9988867394632192642 0.30994510317179369
0.7709109711280366373 -0.6364669850169140108 0.02461811483251385643 320.7899115644585208 0.6369072588016362335 0.769882870930070573 -0.04036717396917858386 161.4031114432403911 0.006739308585674420697 0.04679895332111416728 0.9988815944284062942 0.3058464536209293261
0.7714590274885264609 -0.6358140475904209277 0.02432006976023954464 322.6860808003993952 0.6362445156699665372 0.7704555580351901689 -0.03988921373721837638 162.9480542596039356 0.006624589522880122185 0.04624640504265986607 0.9989080962902862071 0.3036367807752837766
0.7716228901749619951 -0.6355975362357857428 0.02477674896021650475 324.583229011850392 0.6360491695552927816 0.7706143693176329412 -0.03993679643147820396 164.4902558903421266 0.006290410643279108552 0.0465753768872119861 0.9988949719573890773 0.3077453323247221206
0.7717209774346464046 -0.6354524053197122546 0.02543567496069533765 326.4814124991395374 0.6359332691382700853 0.7706942492315307369 -0.04023992301881010314 166.0318478440825629 0.005967427454652594193 0.0472293846544644888 0.9988662448169595143 0.3073848058677584039
0.7720273373013976093 -0.6350059730565857929 0.02722507376982817584 328.378596353071714 0.6355640296527207411 0.7709059093430284948 -0.04198146199924270017 167.5744284429719926 0.005670508875706767836 0.0497141139160397344 0.998747391589401623 0.3037826586993110922
0.772141209950771179 -0.6348348926456697239 0.02797518499170842388 330.2827627443777487 0.6354252545434614374 0.770965203642687058 -0.04298139900663274643 169.1144893262995197 0.005718197630062051527 0.05096384847861502865 0.9986841284230526528 0.3061851669465827097
0.7723527049919922671 -0.634569760375966796 0.02815170168818722368 332.1812746513986099 0.6351619092908731279 0.7711100686051998165 -0.04425619822868609443 170.659097369351656 0.006375584484997447697 0.05206228300864361447 0.9986234879124377128 0.3034015663856999279
0.7726474147105737433 -0.6342861336588886401 0.02640214364639961037 334.0877750606193217 0.6347950822995631626 0.7714612567260684672 -0.04339046967856009102 172.1984030174799898 0.007153742332343489795 0.05028548516911812011 0.9987092639762329416 0.2885480188935931611
0.7730691910351635832 -0.6338233556154742043 0.02513920739756818346 335.9998795056083623 0.6342759817119546506 0.7719303101343034657 -0.04263303084809103027 173.7376105688582584 0.007616094509259701585 0.04890347812066389577 0.998774471506019057 0.2817324148635877989
0.7732796890852808858 -0.6335982532460188166 0.02432644511154852598 337.9083600344234242 0.6340209024290892614 0.772203664905890097 -0.04146076686356917756 175.2737823885838111 0.007484499393728102565 0.04748424359201378758 0.9988439462094764743 0.2791926273562916894
0.7735848755103466035 -0.633179695598810266 0.02549340038204819456 339.8150177568470554 0.6336596495608800561 0.7725074187470584164 -0.04132476859148238174 176.817342759779649 0.006472163473224765325 0.04812235511853964198 0.998820479384469273 0.2773852193211958639
0.7735447894012551506 -0.6331130854062608782 0.02821843152148030207 341.7267689553106607 0.6337150914319249484 0.7723376988618361194 -0.0435851099371190806 178.3545024442124429 0.005800144963270139134 0.0515974805990397356 0.9986511194177057904 0.2818429796850057123
0.7733311412374034299 -0.633349403912091824 0.02876592700840927344 343.598059031711216 0.6339729173879838919 0.7720619163561214249 -0.04470724025347461161 179.8591336546280672 0.006106227233220048838 0.05281031979368533413 0.9985858922057055942 0.2755126846365556492
0.7734464157411555796 -0.6332543905512967308 0.02774020231839141246 345.5510327710697425 0.633831549964181673 0.7722418638301729032 -0.04358979259073923057 181.4309558408026817 0.006181281999925336383 0.05129698427399365102 0.9986643135494684964 0.2836824515681213299
0.7737080758749211862 -0.6330286229677500875 0.02550638801322842319 347.4610270973106481 0.6335035852033413795 0.772588646709189919 -0.042189933758841551 182.9729344959741866 0.007001489872880399534 0.04880108072181141288 0.9987839774745804755 0.2696662694544464944
0.7738291670674004585 -0.6328664192612087902 0.02585566799116286937 349.3686604403029605 0.633362767795535575 0.7727378702617582196 -0.04156667215090369127 184.5181667135065879 0.006326497147060707732 0.04854152073038286302 0.9988011294542222807 0.2758345346296002809
0.7739138507785011667 -0.6327423861581578102 0.02635193222654897902 351.2817024410430236 0.6332626114941015683 0.772815792181100969 -0.04164392199550975837 186.0612112583202418 0.005984685193259892469 0.04891650145276445899 0.9987849415308378553 0.2769801547010526388
0.7741001726171616859 -0.6324908734320616732 0.0269112946405070004 353.1858441101694552 0.6330346825237062047 0.7729627091172627251 -0.04237618477650258869 187.6082588073381316 0.006001122910829392171 0.04983919480940266628 0.9987392258165088688 0.2841755972615884751
0.7741249614294234416 -0.632458331207024993 0.02696300018022509265 355.0981653478450539 0.6330008401581781463 0.7729552772488497148 -0.04301250669508263624 189.1535663092844288 0.006362424925636280502 0.05036465685358125499 0.998710629206021161 0.2709818743726448709
0.7742166220763960771 -0.6322690729466557968 0.02871308927634443758 357.0135024774663179 0.6328969365778580602 0.7729972865175496199 -0.04377970656443455622 190.6949067913424187 0.00548541438522125082 0.05206740277449728449 0.9986285074026981512 0.2739393339514111236
0.7739972844477469582 -0.6324528903482211639 0.03052122470829769438 358.9349053494796635 0.6331682887548245597 0.772683317913890555 -0.04536968517489036595 192.2349314164654572 0.005110947348645369752 0.05444108474086866573 0.9985039041032522933 0.2606186323096757462
0.7737884233762988284 -0.6326791570325109859 0.03112169830605550011 360.8495718305156856 0.6334186981204088518 0.7723825968757542793 -0.04696676393911508596 193.7805931478969228 0.005677034460729344506 0.05605540384385247071 0.9984115198552320214 0.2517277249499376701
0.773230215283063127 -0.6333954166090586257 0.0304184219173991785 362.7701684669801807 0.6340914523593653707 0.771802315972776154 -0.04742589064898922874 195.321485593786548 0.006562333281586446056 0.05595919296859254433 0.998411490570999538 0.2475289399738453966
0.7726035987801928018 -0.6342204218060319976 0.0291227697184490604 364.6867920193969894 0.6348450334571245079 0.7711991779621987231 -0.04715518428817343927 196.8653532627492666 0.007447324802736196916 0.0549207107984589285 0.9984629451705629988 0.2420711465722027445
0.7720413143450481908 -0.6349246310165704843 0.02868661487248554826 366.6017128488974777 0.6355306624417150774 0.7706870092664626082 -0.04628510391378795608 198.4111007139172216 0.007279151101970728933 0.05396523581331907904 0.9985162829332566714 0.2419530502820232964
0.7714920373648664897 -0.6355408974057615845 0.02979604012762020887 368.5143427850871376 0.6362076299902725829 0.7701427114289952636 -0.04604406123438585519 199.9609313062629781 0.006315680863374848776 0.05447909468295732138 0.9984949376024684353 0.2436658290929041293
0.7711106347916742987 -0.635917507339957 0.03158025917748007866 370.4255466598168027 0.6366713984873596521 0.769645804456676963 -0.04790475999714589872 201.5137736718437793 0.006157861587501892338 0.05704611766606149104 0.9983525535600632494 0.2411019144281416615
0.7704089388882682243 -0.6368761203860142661 0.02930655495126664387 372.3406797678255771 0.6375097320772097342 0.7690289442690665389 -0.04664573274426168231 203.0625314090114841 0.007169964288392278833 0.05461950346226041725 0.9984814978023575094 0.2333650054092966108
0.7701170529753860183 -0.6373467832999729632 0.02662334565158384903 374.244993181907148 0.6378593243092006704 0.7689077112652361601 -0.0437768654504423621 204.6172962484104119 0.007430148606612550256 0.05069525987736423628 0.9986865291559960944 0.2347732941930491535
0.7697394500037435527 -0.6377872568746769666 0.0269924818460475606 376.1534043674483314 0.6383251385817372281 0.7685809123186302383 -0.04271298015905868051 206.1707246830499116 0.0064958881256092409 0.05010784557069797307 0.9987226878617120329 0.2584547616044856611
0.7694141211623053422 -0.6382373377044739948 0.02559318104383590323 378.0531795193715539 0.638720980091920798 0.7683772859573967384 -0.04039623763620803221 207.7280254675815172 0.006117168172731763005 0.04742833735911548138 0.9988559120658476731 0.2594581447770243354
0.769239216795755465 -0.6384863978369130777 0.02462005525371702142 379.9584342656001468 0.6389294878054326832 0.7682481440609099099 -0.03954615985977563003 209.2842304716919841 0.006335373401805699869 0.0461509363308124157 0.9989143877828815521 0.2448008419068647967
0.7689643677884012707 -0.6388747221930290987 0.02308441930316182042 381.8587834336838114 0.6392618798551230608 0.7680786933925698445 -0.03740815045490455265 210.8385982619020638 0.006168471113533437883 0.04352252404379219203 0.9990334027773941639 0.2476737079141297926
0.7684027577479738413 -0.6395065593496019885 0.02426030573060963466 383.762190866162598 0.63994377963670801 0.7675032228801116352 -0.0375601087981138268 212.3945103175820464 0.005400073109978751826 0.04438652292617301792 0.9989998377341866576 0.2533681409174080024
0.7678448791392138428 -0.6401267338110456784 0.02553441285968380617 385.6600148974000604 0.6406132273155084045 0.7668730046565315206 -0.03899343172217727138 213.9504091510139858 0.005379086176555251259 0.046298589497587056 0.9989131624132495668 0.2430115676701518623
0.7674444941818807653 -0.6405933926000214607 0.02586607251037623817 387.5596922933239625 0.6410912895210240103 0.7664409511796224095 -0.03962608806261656152 215.5074124377842963 0.005559392969364898053 0.04699333689014284499 0.9988797322189202355 0.240338926582057022
0.7670521854713361343 -0.6410409738037569083 0.02640860973959137728 389.4469788822460146 0.6415559853390930822 0.7659782755252961817 -0.04102680951376580509 217.0684319827128661 0.006071444575412926134 0.04841230554336937997 0.9988089838566447387 0.2416490309180159279
0.7668811377125859252 -0.6412938487310931857 0.0252095259834764461 391.3370340116126727 0.6417476293389272612 0.7657928724725993064 -0.04148803090087628542 218.6277749423551029 0.007300743696138419642 0.04799454187537302574 0.9988209164267918272 0.2435014400330230977
0.7666404094422680782 -0.6416363394048224533 0.02377583995090477506 393.2283488120339712 0.6420299052878826185 0.7656117625418079609 -0.04045033712663751585 220.1816139164501465 0.007751343510902540708 0.04627566328866241502 0.9988986333262100947 0.2401297185174520177
0.7661950622058391058 -0.6421422426390029914 0.0244635825246843526 395.1169297305284545 0.6425736304329093818 0.7652045152381521387 -0.03951176193762197253 221.7373498337150011 0.00665252761445335114 0.04599336993194007989 0.9989195932599593819 0.2485621184012005713
0.7656887815083177617 -0.6427486101529419349 0.02439085932821850183 397.0057507443679583 0.6431795767587494828 0.7647241985857472502 -0.03894781300435762317 223.2919274911996581 0.006381372324457955034 0.04550960606122617796 0.9989435188454893755 0.2590026233041162751
0.7652959049454653995 -0.6432087266046448981 0.0245908904542395633 398.8895641911718144 0.6436472044578127605 0.7643223830731125101 -0.03910972931485073856 224.847275733907594 0.00636035119658324901 0.0457583735841805006 0.9989322885859615031 0.2623531441751074667
0.7650219630606199805 -0.6435291620216920805 0.0247308241377873321 400.7684758085426324 0.6439790852964795143 0.7640888016240092728 -0.03820001221851935386 226.403540420793604 0.005686276073586113422 0.04514998184323172625 0.9989640360913754069 0.2563194980391896305
0.7646189963658279742 -0.6439947149083176114 0.02507184809041242135 402.6483780100384706 0.6444684918074784497 0.763766314142714009 -0.03635079707857009207 227.9528435490878735 0.004260688196543510955 0.04395252610496843543 0.9990245352267800305 0.2738155405837077172
0.7641342027848737617 -0.6445447961107562129 0.02570847994085141697 404.5164731879651754 0.6450434782256601052 0.763249832657287075 -0.03699465025062053519 229.504554132345163 0.004222716290246879972 0.04485196489750456483 0.9989847195587954198 0.2757587543687565201
0.7637776586291892267 -0.6449760594251877643 0.02548668176264622803 406.3799678595701153 0.6454624710668026566 0.7628758156071778762 -0.03739904284898304399 231.0550699926446043 0.004678314146211498027 0.04501524997197983713 0.9989753453647940429 0.2733613713665208333
0.7634444110932283589 -0.6454234468108909217 0.02410820352624678739 408.2419425989282331 0.6458552890943359825 0.7626102093648708946 -0.03600852845284770176 232.5988950609981885 0.004855586410063015071 0.04306092055700727617 0.9990606490105580217 0.2697856760668890796
0.7637817521774127316 -0.6450800315993109324 0.02256519161525665298 410.0965856792326463 0.6454502055622051149 0.7629822455449650764 -0.03538538007242149341 234.1421251163982618 0.005609561525510347799 0.04159141515979574572 0.9991189553824394443 0.2724424593214471724
0.7641242544723653163 -0.6447434380895779027 0.02049445699409219515 411.9444848575543006 0.6450393281728845629 0.7633981166409928854 -0.03387595931127068 235.6794196312079634 0.006195872604061495974 0.03910517292399819794 0.9992158908930834915 0.2874955458545167541
0.764390346668328946 -0.6445040692826844442 0.01794164424829887416 413.7837789546454133 0.6447203403595265225 0.7637714637279390262 -0.03144572978287935722 237.2124759223184185 0.006563584917420259464 0.03560415527634653438 0.9993444168454085341 0.3039975054779382457
0.7646133912016919165 -0.6442633005638264132 0.01706345632201278564 415.6171083132837225 0.6444604908074734739 0.7640612675338274151 -0.02968257473319477896 238.7404298117002384 0.006085867500935307137 0.03369241756250196396 0.9994137197455090771 0.3055513163778951213
0.7645488546618969261 -0.6443345202325497789 0.01726484497097105497 417.4464864807197841 0.6445455417065306669 0.7640382696299846677 -0.02840012688446878764 240.254646962293549 0.005108179853597060241 0.0328412633360669684 0.99944752634696854 0.3157099537195771077
0.7650202493031076356 -0.6437920518071891252 0.01660759422976946717 419.2703146082311605 0.6439954431824029824 0.7646038040867482177 -0.02551258388274305414 241.765748733783596 0.003726568999963310487 0.03021285828853644342 0.9995365405414278204 0.3298866697979525586
0.7657390098886746044 -0.6429706415649650841 0.01524869896908050831 421.0807771904677566 0.643145584973446871 0.7654156655595705239 -0.02241908662641325239 243.269372323880674 0.00274322144114915855 0.02697430261447138905 0.9996323632889182464 0.3335104841553075961
0.7664747896545349715 -0.6421229981927917274 0.01394460526284100298 422.8917068050068337 0.6422718934625097909 0.7662305544680123592 -0.01943070425190286665 244.7611067346188634 0.001792119448845068104 0.02384937298006889819 0.9997139569478554755 0.352944007922570302
0.7677759437215581073 -0.6406374373514081011 0.01018695765630853352 424.6925723417214726 0.6407109160061654762 0.7675929235276284235 -0.01704775236941129604 246.2507816821447193 0.003101991781283020607 0.01961574913504565004 0.9998027805686778846 0.3541890045810907051
0.7684999913868422183 -0.6398007435154712264 0.007922867881873501411 426.4938820327384974 0.6398388319614727315 0.7683554131399588094 -0.01536971739172129231 247.7223164021665127 0.003745978190215726918 0.01688098621447902195 0.9998504887991128687 0.3592984228964637428
0.768837312296763109 -0.6393977935381341959 0.007723266074340044002 428.2865167063578156 0.6394279443216585035 0.76867465796603196 -0.01646736838058080951 249.1921141009830762 0.00459252009984901545 0.01759919939569090999 0.999834574787131114 0.3426704039886305786
0.76918360753125814 -0.6389921289216793365 0.006755522284720452859 430.0788524194690012 0.6390107205106714261 0.7690426449992585622 -0.01545021828250060965 250.6518353172930347 0.004677283146446865013 0.01620090579826433119 0.9998578167288005858 0.3556147190867211538
0.7692158277394638421 -0.6389742427914250067 0.00435056366653979211 431.8611271792867115 0.6389689618610066013 0.7691198218045016688 -0.01316683278845392872 252.1059516870351729 0.005067162259005430006 0.01290801133159684595 0.9999038489325382528 0.3634460466097348963
0.7692523436215036314 -0.6389331864210809897 0.00390065669192061126 433.6323195011701728 0.6389298247315090551 0.7691774235300710139 -0.01160905681806234137 253.5581883021143028 0.004417114599741121979 0.01142254006103627512 0.9999250045264228559 0.3696364436008447996
0.7688280760723039675 -0.6394457586306664387 0.003537119196627533293 435.3999151515350832 0.6394386388250070663 0.7687557738947613517 -0.0115233363696789215 255.0017818828633835 0.004649367761504271702 0.01112123521548756544 0.9999273481142018083 0.3790242432982151577
0.7682740612495229104 -0.6401190362013262636 0.001608198945902260518 437.1603692944440809 0.6400993629126570106 0.7682249167847443605 -0.01016281604100374367 256.4421975294313825 0.00526995350786961525 0.008837235074262587975 0.9999470640320251569 0.3871583249651462388
0.7679333139558571775 -0.6405297995442004177 3.482300170470685279e-05 438.9112482664141908 0.6405057971062084743 0.7679040644263684934 -0.008698948833293819113 257.8842982213384403 0.005545195227890374265 0.006702516939948264564 0.999962162822451095 0.3920398431701888065
0.7675299929606931304 -0.6410129946460790817 -0.0002249458249969419048 440.6501851512391568 0.6409967604510092842 0.767512960632464436 -0.006856263742054618734 259.3188295436397652 0.004567602989503078033 0.005118198516575818598 0.9999764702466129584 0.4054172863947405059
0.7670327292908916128 -0.6416068771410985416 -0.001186339670201894863 442.3924274576016273 0.6415953430182584905 0.7670279201245048251 -0.004856497375635530044 260.752037442443509 0.004025917764821603136 0.002963942429188420706 0.9999875034376316529 0.4138246617635552571
0.7666593887965191811 -0.6420513931305776856 -0.001841235789350437755 444.1190707151069432 0.6420477088797169607 0.7666614130414870498 -0.002239927573951258979 262.1816262488760572 0.002849753051372965352 0.0005351002847341564421 0.9999957962787801025 0.421076296621133217
0.7660412454749884192 -0.6427870858821989053 -0.002360604625775305793 445.8352002907609517 0.6427866718617979425 0.7660445368156656443 -0.001030578335542766191 263.6052910651084176 0.002470770722233823265 -0.0007278996792649522875 0.9999966827215454046 0.4266813891388372415
0.7649879720186359977 -0.6440351389269344251 -0.003484608181533723967 447.5068402524796625 0.6440395719137420594 0.7649921498939031839 0.0002010220585300289417 264.9965663513548293 0.002536232634936602236 -0.002398005018408000746 0.999993908529423603 0.4305883259106346728
0.7636984187129500778 -0.6455537070756374174 -0.005013635032768855998 449.2084884672124758 0.6455651521246237312 0.7637046160653050419 0.0009453903196310604971 266.4197701206726379 0.003218635992321049622 -0.00395862115479554081 0.9999869847657527622 0.4358957790365591833
0.7623752969884032282 -0.6470905920056867489 -0.007594226726521993535 450.9011960620520654 0.6471218150728600405 0.7623824326493842118 0.002526429182517285748 267.8356542433177765 0.004154876490481253758 -0.00684047698168352078 0.9999679719251071131 0.4442815599332872178
0.759938184809434869 -0.6499258097678802804 -0.009507737170660026521 452.5916376434659583 0.6499706320817161265 0.7599555507338571214 0.002395483269475687758 269.2483003235506089 0.00566857123406230845 -0.008000169146027448497 0.9999519311415920875 0.4447452443972017555
0.7580043932653702798 -0.6521790855383372554 -0.009580197115723027013 454.2659510696512939 0.6522296331875396813 0.7580140842556640779 0.003339709881784325412 270.6667297523883917 0.005083835406998095906 -0.008780003213276644375 0.9999485317560746767 0.4468638305728775961
0.7553162297563528194 -0.6553229396927118255 -0.007016963670340412712 455.9333740626693725 0.6553578437296189163 0.7553003852576583022 0.005236858953352387103 272.079254815508591 0.001868081559480122772 -0.008554106740935289374 0.9999616680299059368 0.4604469423708825726
0.7510770494504808159 -0.6601926488343394794 -0.005378867339747618777 457.5906237088553894 0.6602112856370081495 0.7510740576358546639 0.002969556185996704515 273.4957722155610895 0.002079448554053657354 -0.005781554420001516585 0.9999811245829590689 0.4610475461338945369
0.7475943955857972112 -0.6641033186890590301 -0.008330773966728492047 459.2303572195148149 0.6641302301625078286 0.747616629328233584 0.000642601108833312719 274.9154970615667821 0.005801471623731480412 -0.006013123819516225273 0.9999650920251818009 0.4588169058624351759
0.743152329752723495 -0.6690599334024348588 -0.009133471335077112535 460.8513105563662293 0.6690928821847488273 0.7431783898704464875 0.0007719062612980006439 276.3326429225061815 0.006271346968953523011 -0.006684784596372855651 0.9999579910486715573 0.4792481291154044865
0.7380957344238563422 -0.6745414821797601768 -0.01443868567564991594 462.4711867094003992 0.6746286066156654826 0.7381554545233131037 0.001663758782621897617 277.7698557352660487 0.009535720272409243733 -0.010968763659288722 0.9998943725527577042 0.4897381175647081974
0.7336276223558719778 -0.6792023566088235542 -0.02178693400849808157 464.0797836678248132 0.679420012272743179 0.7337395303759088883 0.003840375899081602176 279.21724963326443 0.01337754236680634666 -0.01761988481123524103 0.9997552605610350307 0.5001159456007318038
0.7292651730526622522 -0.6837515490122278994 -0.02561496819926806223 465.6705988319186531 0.684111380790791257 0.7293268865473454543 0.008597164164565665803 280.6750753385715598 0.01280336069114725028 -0.02379310367594760639 0.99963491444250685 0.5090480547103271025
0.7244726119929816299 -0.6887996464349740444 -0.02635301772324373168 467.2493798576646782 0.6891881946280317139 0.7245212879352371793 0.009409341848366090805 282.1397653467022337 0.01261217100348431368 -0.02497899917370351858 0.9996084147019066446 0.5289734080791781423
0.7195965190506226072 -0.6939078157593878693 -0.02593825357001475901 468.8334525641076311 0.6942697255614204144 0.7196694445636223625 0.008089420891341708719 283.627014432307476 0.01305365615821363172 -0.0238292633021415616 0.9996308159872725474 0.5436590628291368965
0.7137116770245812702 -0.7000781415522325801 -0.02249972887685694825 470.4005804404677065 0.7003625833431779135 0.7137412802922260546 0.008101645492370978391 285.1173698695850476 0.01038720037498175319 -0.02154020723173536225 0.9997140218786489951 0.5660813743096066997
0.7075753854222347483 -0.7063535486850341938 -0.02004340800948947038 471.9526414212098757 0.7065731910080279565 0.7076097072904734553 0.006544302638422756606 286.6255264362345088 0.009560318682379626704 -0.01879272221764257192 0.9997776922388006415 0.5751806048559100493
0.7013440671649526781 -0.7124697254455829576 -0.02243634943608918686 473.5000464920324248 0.7127020969856765475 0.7014572339332660889 0.003670138268586132374 288.1466957126174293 0.01312327721043242933 -0.01856446299215209692 0.9997415367529105534 0.5880316908239282547
0.6954805542252497919 -0.7180933123576225263 -0.02547142402374185169 475.0286133326833351 0.7183385305921644592 0.6956933746384275086 0.0006956657866005676013 289.6853122144223107 0.01722074798692940778 -0.01878092733212518434 0.9996753085914026338 0.6035641104743301177
0.6896165976319803548 -0.7236597324885134519 -0.02730457553495880055 476.5466190979151406 0.7239858273287309576 0.6898075370142868756 0.003175485067828060469 291.2338553955073053 0.01653693132428476348 -0.02195799291684372156 0.9996221168268736301 0.6339297654089610656
0.6838457879831646435 -0.7290667219221150797 -0.02857714547371847241 478.0552075790831736 0.7294960426307771639 0.683939651366259227 0.007878900623517648416 292.7954461988933872 0.01380079866239976652 -0.02623486753809212493 0.9995605382774664927 0.6624695101069941749
0.6775900428348911042 -0.7348573904614721375 -0.02926345049999883388 479.5497051931125725 0.7353066164654736836 0.6776880848231591203 0.00793973997153039901 294.3739314073451965 0.01399691512824005439 -0.02689749752066619704 0.9995401997888921919 0.6858925043735049076
0.6711694019749199214 -0.7407748960567734908 -0.02800334309872484426 481.0315402853434534 0.7411619899461796557 0.671301263268819115 0.005789524393831700644 295.9670098312784603 0.0145099452668653265 -0.0246407651213237551 0.9995910634767541936 0.7033910526488296178
0.6646833368265185893 -0.7466198985200572791 -0.02747342132069032633 482.4839725888460862 0.7469619577472875749 0.6648573138554876305 0.003547659961836510494 297.5552363365327437 0.01561715158100420407 -0.02287967103707825439 0.9996162389786047431 0.7109891397039675986
0.6582049898483224304 -0.7522957431975562104 -0.02858856599422958042 483.9594948865251922 0.752635423642782686 0.6584351177687244316 0.001764870231784358614 299.2014987418064607 0.0174960114545820479 -0.02267841387140185835 0.9995897053928969322 0.7226148453278860018
0.6527451219317907949 -0.7569865508657923625 -0.02991935164008321935 485.4011570581851629 0.7573487574735032757 0.6530094844332471338 0.001213587065518067012 300.8367781091794768 0.01861895130216591199 -0.02345154682608627597 0.9995515792613562933 0.7350900030404272645
0.6478803555667771441 -0.7610608229579576278 -0.03220975984422552035 486.8311835487465942 0.7615205179599351393 0.6481324537521497842 0.003289850946423176353 302.4793627321787994 0.01837241401391150747 -0.02665982280087007827 0.9994757166892688227 0.7615744898623819648
0.6423403027073606442 -0.7657804226741229403 -0.03129344606875300583 488.2185618284670454 0.7662102916525804774 0.6425834859928889475 0.002872715595790035006 304.0962669873997584 0.01790878230042313238 -0.02582262144454545993 0.9995061119063993749 0.7834260374445676245
0.6361248987662870835 -0.7710250360894289612 -0.02941949851503067315 489.6265520468930958 0.7714188522783271829 0.6363183878637632684 0.003444360034863285045 305.7616460961137932 0.01606448004665924495 -0.02488579895756096519 0.9995612184809263834 0.8185504343182981035
0.6297575819916071405 -0.7762581774109115207 -0.02878593279319181797 491.0223444220248439 0.7766283857985958328 0.6299526049747442569 0.002840045316759548088 307.438188477335018 0.0159291649483469383 -0.02414451259031250713 0.9995815645638052027 0.8439330953794299539
0.6230365419357202228 -0.7816031796328890557 -0.03036341549525188935 492.4029972248841887 0.7819590218424908867 0.6233297900237262379 -0.0002470386858427210913 309.1288759752121678 0.01911950762740551382 -0.02358903255191250464 0.999538894676615608 0.8614465113327003376
0.6164710802215289664 -0.7867247252614899544 -0.03205641765285623113 493.7734557322263527 0.7870574101357530328 0.6168703767322700759 -0.003401684963092620716 310.8325593360331709 0.02245084410221960189 -0.02313320065231602371 0.9994802722548742357 0.8801512702697569246
0.6100787799362519248 -0.7916164925947831721 -0.03387050226122926416 495.1336939887307267 0.7919436362145531039 0.6105688691513668775 -0.005561751746750575633 312.5455298355125819 0.02508304867367316948 -0.02343042200120524013 0.9994107543918464565 0.9176131024112887946
0.6047125057767771539 -0.7957040019826163713 -0.03432093509827237321 496.4779285786908076 0.7960698548752873638 0.6051875176451535499 -0.004566688662031701332 314.2709570243447388 0.02440433395957114504 -0.02456032807894625511 0.9994004296420150313 0.9657224257438099535
0.5984515913306447388 -0.8005881094569234913 -0.03023858181211874774 497.8070975117925627 0.8008241595952965142 0.5988663187607219385 -0.006308538853693374492 316.0076119842877915 0.02315940936868240291 -0.02044043175107960672 0.9995228013945071099 1.009767377691052515
0.5923242763357789986 -0.8051864737113235693 -0.02875229061518203705 499.1321861346717128 0.8053195682635923003 0.5927637706078785484 -0.009565836422999537611 317.7521895400825542 0.02474559829620316329 -0.0174887051280080974 0.9995407948442667223 1.053770569117881362
0.585779037051077589 -0.8100663071615461508 -0.02560269035019809014 500.4416628011878743 0.8101355807692279809 0.5861529980005403262 -0.01024713163204504437 319.5121220909414888 0.02330794978581711072 -0.01473909551615745078 0.999619676947261504 1.098385499734586102
0.5796626063338283785 -0.8144592737005043048 -0.02544315824578857049 501.742846554864002 0.8145658756549013502 0.5800072503932527379 -0.008603703262118567174 321.2786276609770084 0.021764582165459994 -0.01573788341886447201 0.9996392459225763583 1.133317679491409491
0.5736056923871424296 -0.8186072372235747574 -0.02930359749677730052 503.0314860075266097 0.8187732118345643073 0.5740458136404248402 -0.00904607229766408831 323.0567290095634121 0.02422678771894455976 -0.01880412207705788041 0.9995296232477216547 1.16256300716947325
0.5678073932943490387 -0.8225207709907270681 -0.03247068538075834759 504.3008498502266548 0.8227045132717228926 0.5683646707248966035 -0.01090343588587426756 324.8465368649702327 0.02742349289594369841 -0.02052272790346571646 0.99941321267871297 1.196466207902168399
0.5619020975927206951 -0.8265337840425556193 -0.03328568096336138177 505.5555866061271217 0.8267167339720016273 0.5624970310489918468 -0.01168468363868665864 326.6451921295933403 0.02838088250155854433 -0.02095218120777877016 0.9993775720972875032 1.243284473400820378
0.5556569321635836944 -0.830775884116724983 -0.03250852363040244303 506.7995944797219181 0.8309245366626649698 0.5562449855581119706 -0.01248720999227959268 328.4534774447857899 0.02845677617879602966 -0.0200735251395869202 0.9993934487868030292 1.291055408390537229
0.5489951236952648195 -0.8352581988752192377 -0.03079115734339284149 508.0330796185668873 0.8353692929183931248 0.5495400538547190461 -0.01280131471280848872 330.2706148245030704 0.02761337733499249006 -0.01869412798386875518 0.9994438608401564617 1.343492534980298858
0.5415046990279530625 -0.8402051128212044695 -0.02877549860129821266 509.2537177346013664 0.8402540468740380408 0.542013661286582682 -0.01394014671786735805 332.0972217609156019 0.02730929589806647267 -0.01663007419769476844 0.9994886907763044226 1.396918004288906001
0.5342517676765483614 -0.8448843396173001397 -0.02730387159217964946 510.457110985339682 0.8449000118617763233 0.5347288750524294976 -0.01445683717601434909 333.9354818600980366 0.02681452387147392757 -0.01534545061580729064 0.9995226352889382548 1.457963038188168303
0.5271760751575780279 -0.849241247330907667 -0.02957515195727067336 511.6480492002989422 0.8492676392873445002 0.5277337399400704454 -0.01554273425646244926 335.7855179865882747 0.02880733657859734648 -0.0169234618417766422 0.9994417110559962181 1.516092502345744331
0.5206162703815688797 -0.8531856850605598064 -0.03213854106409681083 512.8201981080075029 0.853269998688772513 0.5212445144982418288 -0.01531226446854119794 337.6462580192376777 0.02981624308405774262 -0.01945103887291280143 0.9993661234678293814 1.570933826511379916
0.5131120231690526889 -0.8577090598491279305 -0.0324225281569296489 513.9789764175383198 0.8577578005722864551 0.5137779577707297651 -0.01684534553910643426 339.51979701044894 0.03110638578741197965 -0.01916712711032832542 0.9993322840785147099 1.621950002668062885
0.5055876900789517681 -0.8621751898412702841 -0.03217187689270529366 515.1221883747397214 0.8621675196785155704 0.5062795130633501728 -0.01866072516633571904 341.4013825180097683 0.03237677643043415654 -0.0183029143719404333 0.9993081344977969849 1.676557795538796913
0.4988237028635509329 -0.8661537563564597475 -0.0308639565041590215 516.2397263911434493 0.8661579242388255384 0.4994568394119368593 -0.01770073001115669148 343.2687005806116076 0.03074676795672964119 -0.01790351681188660782 0.9993668497333606515 1.743281731062732209
0.4910318840887516467 -0.8706780641275048138 -0.0284147401084649219 517.3642097186019555 0.8706262846567197622 0.4916020491997472597 -0.01836566599516206363 345.1868907489339904 0.02995932697987965451 -0.01572049203396993708 0.9994274885438775291 1.813487530919434487
0.4823994292770407144 -0.8754938034156168891 -0.02830884692181043563 518.4634318936892896 0.8754006888970474742 0.4829901052478843271 -0.01985427186306253089 347.1011137862404325 0.03105518494165175267 -0.01520389468178134224 0.9994020297531645003 1.866169012743783995
0.4739543909972070423 -0.8799734777037941935 -0.03184201300729391088 519.5458200754272866 0.879890396890387505 0.4746886998144551617 -0.02152969411158411894 349.0230019454489252 0.03406060355517689237 -0.01781338840176471816 0.9992610061836221247 1.917329637037082701
0.4663355990101385462 -0.8839088848366495332 -0.03515952790760703411 520.6064226032959823 0.8838468506490302357 0.4672145509943613773 -0.02291959722438502434 350.9581726491975928 0.03668587866803767195 -0.02038741391074046921 0.9991188616277776324 1.975318038422591016
0.4601568470033606806 -0.8870252815931823909 -0.0379713835731740959 521.6489988431039819 0.8870569426643583055 0.4611247047266195942 -0.02222582195891028081 352.9046074634097749 0.03722440901998345236 -0.02345541526648524042 0.9990316245583968913 2.043940642431755439
0.4537408504741340387 -0.8902424268259354623 -0.03984547766156652099 522.6773090110576732 0.8902652882544724866 0.454818805653674274 -0.02382373927296700319 354.860869019892732 0.03933137602716833825 -0.02466324193682158453 0.9989218024234806093 2.122244343247394305
0.4470126823844093877 -0.8936310027831995129 -0.04004113699919500946 523.6907521893966759 0.8935908778931366259 0.4481449729231602452 -0.0257182073611937588 356.8182837861386361 0.04092682169028664246 -0.02428402990430434186 0.9988669987330336397 2.196791943355289156
0.439721467299495905 -0.8974580322649752251 -0.03484410307436720811 524.6927837636966387 0.8973255482488479151 0.4406407512627233958 -0.02534933503126736778 358.7897244689452805 0.03810369609215175091 -0.02011985709943051384 0.9990712185296979353 2.27660682276710169
0.432051642015284787 -0.9013976631031618281 -0.02852422801856976595 525.6814010619934834 0.901135185381973014 0.4327517879765248043 -0.02610110476049613479 360.7673102039184414 0.03587138551120817864 -0.01442716033320620532 0.9992522708236525331 2.348887951398689999
0.4236898313143772077 -0.9054275375301004125 -0.02622786920382892337 526.6570321911289057 0.9050143536787713661 0.424352746644832024 -0.02955953400144822538 362.7618237105462526 0.03789388441675475144 -0.01121252412106939038 0.9992188613245068796 2.413240178175520612
0.4159675364453792046 -0.9089648944859799462 -0.02745595045984581747 527.6149242138544651 0.9085095663805430322 0.4167004517651917705 -0.03116249819451103256 364.7644795885002509 0.03976652384355373882 -0.01198140604338585567 0.9991371625010370128 2.482695278764274871
0.4087013188846561063 -0.9122075666747949674 -0.02899288262992135226 528.5554915763797226 0.9117724234714246201 0.4095012262551527282 -0.03130165319230979182 366.7816305602195825 0.04042622588107975395 -0.01364188391593883741 0.9990893950314135852 2.55027212403754433
0.4017515256805028745 -0.9152661047887967749 -0.02972657124747984589 529.4753087435757379 0.9148847351073625678 0.4025707162180079957 -0.03037663429761408226 368.8011202069492356 0.03976975082797461203 -0.01499252708729559638 0.9990963872673234158 2.629187357733056896
0.3950478154201100267 -0.9182125128086829902 -0.02868806116423894617 530.3850421903481447 0.9178139132911025122 0.395831641747023677 -0.03057665712809062505 370.8354310886159624 0.03943151152405335175 -0.01425106008058269966 0.9991206449601109929 2.712769874012006532
0.387845411359992065 -0.9213324456346558833 -0.02687864408527092935 531.2928183063166898 0.920817488595696787 0.3885923201769867497 -0.03303273218763881636 372.908989541831545 0.04087896260073875521 -0.01193873193979752383 0.9990927770214120818 2.779546481786105527
0.3811407571551009843 -0.9241169907593491661 -0.02719394464069734008 532.1532695357306011 0.9235677588221825607 0.3819172576402233288 -0.03408523405731653244 374.9191709202847846 0.04188458068797060868 -0.01212417858892889111 0.9990488907927062012 2.855002535281349729
0.3737894057630705147 -0.9271494532567552405 -0.02598790997734434782 533.0292654591820565 0.9265816582930562761 0.3745229427114771248 -0.03433650968904222722 377.0071335688035674 0.04156814470457673855 -0.01124529716973337624 0.9990723860849041182 2.926292344023128322
0.366413287821994782 -0.9301278429276591542 -0.02456620276346852677 533.863095453183405 0.9295086144960849062 0.3671028545938489485 -0.03534444406998230731 379.0392546174695099 0.04189317468329052663 -0.009883823136178694971 0.9990732065044923838 3.001870133158127452
0.3582092448329831091 -0.9333119292447755733 -0.02479878314714327112 534.7143661647727413 0.9326389411477783442 0.3589289000950111053 -0.03680557201479625618 381.1488635970308678 0.04325207938278585046 -0.009944214699038927269 0.9990146997032048892 3.09674621355468771
0.3507346402882649539 -0.9361815743873663775 -0.02343655007575206131 535.5186702183349325 0.9354858310958205081 0.3514043758418917696 -0.03716482824031783205 383.1988461324444302 0.04302873366511369979 -0.008889567861390709758 0.9990342855289874313 3.182910160398904509
0.3423671831650919595 -0.9393341259733198889 -0.02088328694290684032 536.3184422921942769 0.9385417146190938587 0.3429470566135273124 -0.03907385673272656401 385.2907923443148093 0.04386526885192803399 -0.006222229669298359918 0.9990180789387600457 3.267090091121928719
0.3339092036106567907 -0.9424210263103071084 -0.01863472329616376599 537.0975532182997085 0.9415713016005743397 0.3344034577018026866 -0.0402220272895215461 387.3892492332695952 0.04413760014202557092 -0.004115415569085216323 0.999016984644603756 3.355271706651194563
