0.9999999962582232227 8.137513278152659075e-10 -7.656115742981431352e-10 -2.139041617443826482e-10 8.137513278152659075e-10 1.000000061056633971 6.754229727670312846e-11 4.50643937444095144e-09 -7.656115742981431352e-10 6.754229727670312846e-11 1.000000080766252131 2.697696344089450804e-08
0.9999989187268494284 -0.0001131707622408445962 -0.001463644832471039424 0.01964011006261190753 0.0001142240484916872919 0.9999997964427314034 0.0007184573239634265427 -0.01187551590231513722 0.00146356160501389396 -0.0007186235968799510035 0.9999987515479878963 0.6560442349663908601
0.9999981376291576796 -0.001637304515920480182 -0.001018080419330268408 0.02152925174203622685 0.001639211610085836894 0.9999969623212714431 0.001873619387678701837 -0.04110951895364466785 0.001015008046636118764 -0.001875284617401112505 0.9999978072960025166 2.219458805348051289
0.9999952925325551467 -0.003059008383784212522 -0.0002233670923179797356 -0.008953789395284166702 0.003059216514219532859 0.9999949491097360754 0.0009300898440201614244 -0.07038224316290274396 0.0002205192662505352577 -0.000930768659827100513 0.9999996232864195589 3.735150915848059583
0.9999942054519284085 -0.003322787878905155041 -0.0007352932773402164751 -0.02574389568400795719 0.003323349887256800764 0.9999942482295166579 0.0007622148553016216185 -0.09469884851217072463 0.000732754793464038246 -0.0007646539400781052166 0.9999995199528809442 5.175918707677636732
0.9999930810123067726 -0.003704865356399101532 -0.000323128480359732189 -0.03883293028719886353 0.00370536146202557785 0.9999920052042384766 0.001543354366692725483 -0.1212128405153461014 0.0003174064252843530388 -0.001544540863661844361 0.9999988375885451308 6.554886901053204262
0.9999876299479426578 -0.004966148334674866903 -0.0002642578047703402671 -0.04112426544179799415 0.004966835714924204212 0.9999841859305679259 0.00266093066335698538 -0.1437745339920775134 0.0002510375010271045319 -0.002662210143480531199 0.9999965055683673887 7.896133560399572815
0.9999883727164887715 -0.004768125213130484409 -0.0007154893984189785068 -0.05290174098370818007 0.004770346343770790441 0.9999837746095564528 0.003133118819790946773 -0.1670867137337516961 0.0007005371102707973674 -0.003136495394798231862 0.9999949165746648827 9.2198296703840672
0.9999926323809402717 -0.003689041060920422894 -0.001057673355797295349 -0.05933259327815203904 0.003690721222049149139 0.9999919871050243492 0.001589472005659182301 -0.1920718829527213178 0.001051799656794839399 -0.00159336373973298427 0.9999982582184899771 10.53734053142441773
0.9999987540063616231 -0.00113988064732461797 -0.001088657097885457588 -0.07088661609234739314 0.001139361964358667333 0.9999992975325350253 -0.0004784388500162812955 -0.2172386185068283515 0.001089200099065961835 0.0004771980180240670689 0.9999993737278036754 11.86831610620320809
0.9999974260507710211 0.002163572147810795612 -0.0006777674683096501914 -0.08919550207824476773 -0.002164640466437578892 0.9999964670117876819 -0.001581899133701914232 -0.2438606984291886159 0.0006743409496079793251 0.001583362324763729848 0.9999985998788389896 13.2028598173217997
0.9999881190677419873 0.004796815875246725203 -0.0008630225642366361107 -0.1047221403492891445 -0.004798195179355711597 0.9999872612649091108 -0.001605221081328055176 -0.2719367969542210717 0.000855310038004913095 0.001609343098641458558 0.9999984199941706065 14.54325439511687712
0.9999844817261221985 0.005519472637160277757 -0.0007511706511833126819 -0.1192618529288393681 -0.005519942296499701431 0.9999846296227891118 -0.0006267834139877681175 -0.3019230551099175708 0.0007476980147817845028 0.0006309202398673955693 0.9999996022092841885 15.87605738234857355
0.9999945179122693428 0.003306133626025478146 -0.000161705410609477813 -0.1208962675735057862 -0.003305839058236227992 0.9999930134643776336 0.001779482522768717403 -0.3238276209207517908 0.0001675859447333593753 -0.001778938069394309183 0.9999984844119740313 17.22035885443130354
0.9999998451254128451 -0.0005484298098565024062 3.859285368181542279e-05 -0.1247122757650363234 0.0005482928500989936145 0.9999937726835025353 0.003503724307465759177 -0.3447371401766725074 -4.051569176641813599e-05 -0.003503702482281567578 0.9999939419612762226 18.57809135393690525
0.9999956408581465173 -0.002943553423436448026 -0.0002151057839589428961 -0.1317131339574929838 0.002943924483826388348 0.9999942177084699679 0.001737807827785118296 -0.3742127008116200582 0.000209987664718152585 -0.001738433376614527057 0.9999985476421784369 19.93945105049843036
0.9999916180611999605 -0.00407612253534184784 -0.0003762232017032594205 -0.1442302996999161036 0.004075907265758150003 0.9999915889194800345 -0.0005754902391169658188 -0.3940137324630298421 0.0003785642524039962119 0.000573952105172024162 0.9999998444000269826 21.29258140209326555
0.9999978619345625264 -0.001999532254986616936 0.0005201055104905688521 -0.139616575683493116 0.002000337559779906491 0.9999968601902362586 -0.001549314502080619471 -0.4319514765066427286 -0.0005170074713953216406 0.001550351718128022919 0.9999987453223454503 22.64344574318264591
0.9999993079071399782 0.0005484209468265058545 0.001037273140214679942 -0.1652817995769463588 -0.0005483700412170089281 0.9999999095593283815 -4.779106832329622955e-05 -0.456029637431666357 -0.001037300723912762748 4.722235973004917768e-05 0.9999995416555307326 24.00759735933461059
0.9999971985466832303 0.001453497229241430735 0.001866215683008373661 -0.1620076023642766927 -0.001460418950247441283 0.9999920982932740676 0.003713844240524270205 -0.4687475653330602787 -0.001860804295128959005 -0.003716559174561826721 0.9999914430281799937 25.37590473813440539
0.9999971581849403934 -0.00114729013128965756 0.002088027594003555656 -0.1586629426805260257 0.00113668120817141398 0.9999865334538079464 0.005075724883157085865 -0.4893851077619045253 -0.002093824211970438803 -0.005073336921883531657 0.999985019231197092 26.74729862517056134
0.9999888714011907487 -0.0043611565232202186 0.00179719104548447953 -0.1622695251861341059 0.004354322265779876286 0.9999833981774346459 0.003790167148726490427 -0.5133897445483905919 -0.0018136921442761919 -0.003782299297698244779 0.9999912830955361986 28.11837674954717059
0.9999838666963375422 -0.005433414130291713308 0.001654347346798721707 -0.1748449877450602985 0.005431392171105195281 0.9999845603258514792 0.001225238499869398066 -0.5319278227131613024 -0.001660980462811183743 -0.001216233190156136871 0.9999979617256028464 29.49281247606666057
0.9999841634302797377 -0.005177974026398250024 0.002203175076415831921 -0.1765231562582161573 0.005179752101843272671 0.9999863249521108166 -0.0008013718291591898166 -0.5644238908387299025 -0.002198996861308704417 0.0008127711792107123519 0.9999973326721314226 30.88920712021484505
0.9999936549317168799 -0.002293581376695738236 0.002724351351068432861 -0.1875918947668525905 0.002299115241932785016 0.9999953591160151145 -0.002029268839044548554 -0.5873561945888774449 -0.002719685777799753755 0.002035519703154013704 0.9999943107363375994 32.28069367453775129
0.9999942686925704649 -0.001123552307654582033 0.003192604406322765726 -0.194313306609268599 0.001135099421849762461 0.9999928761353581441 -0.003616813880705349333 -0.6265778589029588064 -0.003188519316566000312 0.003620417221944556389 0.9999884436634520757 33.66378068631801312
0.9999943855323691899 -0.0005559345039238242255 0.003303384929431788831 -0.211578812679571765 0.00056719175190948518 0.9999940952062166266 -0.003407339161548937102 -0.6523447979594831914 -0.003301472493039500026 0.003409193829417789257 0.9999888195443333849 35.04583557101039304
0.9999952126548748987 -0.000347682940000516806 0.003073482696368950128 -0.2160464294348408421 0.0003544440516218637762 0.9999975803942444674 -0.002199019943188830831 -0.6863499180151122481 -0.003072712039823945803 0.002200098934462909554 0.9999929397460802782 36.44317269259282455
0.9999964225709880861 0.001045556702456471249 0.002460522580900272906 -0.2021728726045800284 -0.001043938891269994987 0.999999299644148909 -0.0006580381626614012795 -0.7091985846950270567 -0.002461210254352261609 0.0006554673080951718429 0.9999968371662667499 37.83161282361771072
0.9999920100991851468 0.003218237743883154822 0.002369641917521197929 -0.2041131970095351189 -0.003217500667625036725 0.9999948355526699917 -0.0003141094787450251472 -0.7419791072351082928 -0.002370641945049972461 0.0003064827764275955134 0.9999972238265366631 39.23439403596074015
0.9999788566555084524 0.005824927246298372031 0.002889461701720249902 -0.2190023026423967289 -0.005823492375191889267 0.9999829772703775488 -0.0005041900002366216582 -0.7702820252415388813 -0.00289235073986794872 0.0004873527118788101645 0.99999577915650395 40.63623178361713428
0.9999623236869422671 0.008052001634714811562 0.003241759701907388855 -0.243703191048043083 -0.00805106011923175692 0.9999676048714669641 -0.0003028770440941466356 -0.7949330705415009746 -0.003244094784574738828 0.0002767661578647062919 0.9999947803794507761 42.04968509398896259
0.9999544047972687144 0.009149395893842891467 0.002733022965178295242 -0.2422008410491662267 -0.009148932835642772238 0.999958192253488809 -0.0001812899211576094783 -0.825635763638910336 -0.002734568761619862818 0.0001562775380963443597 0.9999963296168167259 43.46001540352693127
0.9999630351465911282 0.008264957816697796056 0.002368827532546206351 -0.2543365157061188153 -0.008264207650609272163 0.9999658588899870137 -0.0003256096876302970282 -0.8479748656070880131 -0.002371439195187607322 0.0003060212968681301385 0.9999972220775488196 44.87584872271409608
0.9999735709073841461 0.007142349666074208903 0.001355307138388529191 -0.2572099444807470769 -0.007141358912849503013 0.9999742923817644957 -0.0007332576052358581384 -0.8828668518111297825 -0.001360510926909356448 0.0007235596224051110952 0.9999988935023949033 46.29701204352538468
0.999975895083914712 0.006888984906823883252 0.0008623616141989455747 -0.2607774707108369561 -0.00688873382926462937 0.9999762908385759763 -0.000291900493013008504 -0.9087475087674627972 -0.0008643535450814309427 0.0002859530073266069636 0.9999996663287616938 47.70181883577738091
0.9999741842393915503 0.007179303563033277713 -0.0002845821953614244325 -0.2720381869762487637 -0.007179181020672381966 0.9999742006543370643 0.0004236554086566549516 -0.9379937968397280557 0.0002876148545197116106 -0.0004216012763314925366 0.9999999505310298575 49.11105286854354546
0.999969649627627799 0.007694624285776827284 -0.001218653148290934317 -0.2852256249726897175 -0.007693917470757771944 0.9999702928894411702 0.0005822968009676468592 -0.9657667012982986687 0.001223095893870087105 -0.0005729027832514264158 0.9999991686742855101 50.53551210906319824
0.9999665732843108223 0.007859963921349900212 -0.002250737279466911468 -0.3042391777916115259 -0.007858163610101739568 0.999968859664075338 0.0008068850096148922398 -0.9937303536321473452 0.002257007607642502398 -0.0007891712483653198166 0.9999972223230935153 51.95161005031161494
0.9999622659011373482 0.008144849913884807252 -0.003020055154340036199 -0.3021547388575770987 -0.008139927948186530954 0.99996558980234862 0.00163795001907471858 -1.022323491488557945 0.003033290372462110751 -0.001613305055873093469 0.9999941789446199492 53.38679526072228043
0.9999756206136595216 0.006203277380944414131 -0.003204693880701484608 -0.3304974614735387006 -0.006194670331085215878 0.9999772605046073348 0.002688240023553900744 -1.044780059300264297 0.003221295175643335701 -0.002668322340838567321 0.9999913323821678635 54.81185706507847755
0.9999782208575137554 0.004956151245090015776 -0.004357397142167728811 -0.3434820465724838234 -0.004944071337936528122 0.9999839794746874233 0.002778319053485551072 -1.070159312904378268 0.004371095303154777512 -0.00275671513723032462 0.9999867276975052954 56.24615628807593737
0.9999829703657561186 0.002600459299391015295 -0.005223899054474253831 -0.3522929230840392001 -0.002588141593631048364 0.9999939198662799456 0.002363019811033530756 -1.099120585587472165 0.005230010376700574594 -0.002349459250689717605 0.999983644143459971 57.67633027498942511
0.999986280691795848 0.001566602580427823481 -0.004997670803589811944 -0.3639312057610790685 -0.001553756144523011284 0.999995543782121743 0.002573007736654031163 -1.125817843955851716 0.005001677574660903444 -0.002565207146692993594 0.9999842821044612196 59.10349486595479362
0.999989277653843156 0.0002980393774967696262 -0.004620419427960468887 -0.3746546375839200915 -0.0002830622951220221383 0.9999947674421021393 0.003241462263393881001 -1.154750290294191739 0.004621359518720193765 -0.003240119514293919589 0.9999841529667821138 60.53294403714838978
0.9999913651122536162 -0.001251602686033521971 -0.00396178161335230053 -0.3969525698336901498 0.001266986376298703029 0.9999917215400790926 0.003882487974830574774 -1.176232765987103024 0.003956887707647247301 -0.00388747384859762686 0.9999846959384062206 61.94927673928630441
0.9999882147888650152 -0.002823352110742181377 -0.003948605572938071115 -0.3997485775594557533 0.002836871798068864824 0.9999901816962160073 0.003422102806108161342 -1.203260020819537646 0.003938903228846073711 -0.003433264036092252992 0.9999864295398526171 63.36866366383846128
0.9999844727760702767 -0.004464308449235073785 -0.003334167565293146788 -0.4175259199349238837 0.004473572676436997873 0.9999862019670601176 0.002775813892522517069 -1.230104767552002709 0.003321727734938925702 -0.00279068630199549297 0.9999906698168565811 64.79092286318751803
0.9999886130228075043 -0.004166276805367883501 -0.002325613276698108682 -0.427630156904089731 0.004171919365880357757 0.9999884157726669498 0.002426010848695394056 -1.26203382689611332 0.00231547722925102336 -0.002435685363788186574 0.9999944337495416669 66.22402976453966517
0.9999959746386434256 -0.002433441218470140579 -0.001456566382165496581 -0.4540274365220079988 0.002436816834170257677 0.9999944028346933189 0.002319124892112909252 -1.292297127560533276 0.001450913153888778312 -0.002322664812840511805 0.999996330797704891 67.6156735691540689
0.9999991397559367945 0.0007288643971880532464 -0.001087089466450638598 -0.4582417967282847449 -0.0007251158684377921907 0.9999938704964655978 0.003443151061928800393 -1.314733182308622794 0.001089590792760548703 -0.00344235971162418046 0.999993562220056309 69.02105943847642777
0.9999915921659430218 0.0040968329419793564 -0.0001551828246124544841 -0.4756294154190950918 -0.004096060445020887654 0.9999807259798747516 0.00467889561802398591 -1.341867014184004336 0.0001743469413785528018 -0.004678220525833432647 0.9999891226343576855 70.43561930599571497
0.9999685370126386585 0.007851359252818957205 0.001128571790224167874 -0.5102503708289630735 -0.007857195527317402395 0.9999553323282545092 0.005264971466282021041 -1.36723849903051331 -0.001087185666742590887 -0.005273673115321826296 0.9999855838620991255 71.85545408893679564
0.9999247949642416922 0.01213472835976705383 0.001773506877086432126 -0.5174705604617978461 -0.01214316970278124172 0.9999146646408331174 0.004830005272958253285 -1.390495740336653352 -0.001714746163503234238 -0.004851177920976454741 0.9999868435395319333 73.2582597777123965
0.9998773390934538874 0.01553075871979091305 0.002023574951267430918 -0.5371700834876625974 -0.01553937986420294258 0.999869996071580891 0.004317488001536165694 -1.418966261051351818 -0.001956259430412964507 -0.004348403409073474564 0.9999887129218356652 74.67744667154440208
0.9998459105434260863 0.01735487264486798575 0.002637446838785529636 -0.5397185554719323708 -0.01736618170727139907 0.9998398908309791278 0.004327875061135313083 -1.4456590473556159 -0.002561916218259885011 -0.004373010458926414323 0.9999872373684307592 76.08721462831394433
0.999847183966326547 0.01712660128138350502 0.003504397545697149601 -0.5567046312214405379 -0.0171428438748727173 0.9998422565748175117 0.004659070590898236122 -1.468267963202475102 -0.003424052032702600955 -0.004718433848692492327 0.999983086749673955 77.47473157863912263
0.9998641718139862355 0.01614531004013138038 0.00331050478242001173 -0.5475459718609063664 -0.01615988088750500498 0.9998596969496318376 0.004423430415171371137 -1.494750230422479564 -0.003238623991109071919 -0.004476326848275345889 0.9999848175588462729 78.88205404550528499
0.9998813293924587731 0.01511965768698024688 0.002952225581498551729 -0.5592445780239672093 -0.01513035225209013838 0.999878983281442979 0.003635011340642654767 -1.523751268816754711 -0.002896909543951812008 -0.003679248077238542799 0.9999891162328574667 80.28271098089427937
0.9998862325008305296 0.01488230123258729373 0.002455955432901455685 -0.5597508397572392713 -0.01489083035152235536 0.9998830868279336981 0.003492552411611955787 -1.548716906481558242 -0.002403692470546193831 -0.003528726179838301193 0.9999909659037173881 81.66553252776121496
0.99989330001332688 0.01442831484024697901 0.002281418351929062182 -0.5661470613930095208 -0.01443676597233041481 0.9998888769956350009 0.003733031717326048757 -1.574240285165216191 -0.002227304876123192921 -0.003765569597595777411 0.9999905105216360113 83.04803545351269634
0.9998974845775373543 0.01422882887484781464 0.001597909527069398331 -0.5637501525390029578 -0.01423424253083650087 0.9998928648349593162 0.003430345384922240792 -1.608775479623594018 -0.001548929977642722307 -0.003452738643363256667 0.9999929204478260614 84.43858250662779596
0.9998986305668511321 0.01420211138940360475 0.001010531438212325644 -0.579866326495789397 -0.0142058540994215287 0.999891932097919045 0.003799988520252772957 -1.631348718191166558 -0.0009564558487615784253 -0.003813958670590454798 0.9999923501930254588 85.80920958965026557
0.999913982522302125 0.01311562410501967632 2.257493323140567415e-05 -0.5760257076775519014 -0.01311559065718961165 0.9999038469087078163 0.004516669211342337793 -1.658069897097753431 3.666463505146617962e-05 -0.00451657667426680863 0.9999898803099419586 87.15243866091442726
0.9999328846106326774 0.01152296074156570864 -0.001200081567131613784 -0.5924030424112676219 -0.011516382690803793 0.999919433854734141 0.005349842676558315066 -1.674715247476312507 0.001261629295010342766 -0.005335662913878939234 0.9999850501492225652 88.49533633644131214
0.9999495357421106512 0.009822768747420084975 -0.002105166395209704267 -0.6105912579359333847 -0.009810243701405176736 0.9999346578742196456 0.005878876858717560494 -1.700444013096748197 0.002162774018389176153 -0.005857927882791307689 0.999980584119902316 89.90633908109357719
0.9999692166702109919 0.007257929534373713451 -0.002980051647374669117 -0.6229279348226159918 -0.007240125183706056476 0.9999561972008448318 0.005941916071937849986 -1.725612363005671224 0.003023045399853885491 -0.00592015710316344014 0.9999779869887008843 91.30410089662575501
0.9999807418868357223 0.005293051788569832702 -0.003239134288254611437 -0.6527994539454029521 -0.005274868945439435339 0.9999704907607853688 0.005596022654066054765 -1.750048435438324113 0.003268657005922286866 -0.005578828763547384259 0.9999791768213031062 92.67042532163428348
0.9999788411513367281 0.005307898675500827279 -0.003759786581637950681 -0.6470866342965497786 -0.005288669655561178441 0.9999730422339968561 0.005105573685334003492 -1.77372797351223177 0.003786783327097609578 -0.005085581272997346559 0.9999799791292933726 94.0462360594732445
0.9999771026171276889 0.005680976569488736458 -0.003676041515334276671 -0.6742576015390377986 -0.005664420468904387412 0.9999739010128863015 0.004498192619376089295 -1.795504055608709848 0.00370149794003009 -0.004477266860742014701 0.9999832071185575932 95.38218543278269124
0.9999792375954849044 0.005212764887390577626 -0.003787346548859601893 -0.6776219327314090268 -0.005198109620318804372 0.9999790672346694498 0.00386870168981667123 -1.819379879788554089 0.003807432134403248864 -0.003848934203948446275 0.9999854252391160436 96.74799239883093094
0.9999753301891939339 0.006158614043398340232 -0.003376835965165188563 -0.6927635831366361074 -0.006147646072480616661 0.9999758881253688614 0.003248340675211829759 -1.85101617359869608 0.003396758078187672204 -0.003227500825848633736 0.99998910333995783 98.08288608120871288
0.999966926340090656 0.00748861247982530575 -0.003171663136149400694 -0.7222667665063267073 -0.007477059552772834759 0.9999654883939627092 0.003638364982017171841 -1.873232224142146629 0.003198798252428051644 -0.003614529815394438607 0.9999884321280608779 99.43376814926764951
0.9999639718417918655 0.007812387027262755919 -0.003318759775632052628 -0.7219577339535614424 -0.007795508583709366904 0.9999568321338140331 0.005068137007527214431 -1.900683204706155704 0.003358209018812070845 -0.005042082878601498661 0.9999817305119316213 100.7712652461610077
0.9999547327547329001 0.009114076184632698488 -0.002731043423538594226 -0.7284334813753436944 -0.009097275578250891767 0.9999400638184384738 0.006101675391017601091 -1.920381921045951401 0.002786489162727357697 -0.006076554022709445071 0.9999777359998407444 102.1070634995353004
0.9999628977310391909 0.008121426159548052887 -0.002870215584829184825 -0.7540656283181503827 -0.008107041099077469046 0.9999547585192609667 0.00498787493320391323 -1.939435642837583629 0.002910592676508637344 -0.00496442080336187419 0.9999835221154982356 103.4399145801280895
0.9999589818330537616 0.008639845848711804124 -0.002716662518086082178 -0.7677382304093917087 -0.00863282972620505254 0.9999594607894941589 0.002583238937826146889 -1.968766916645748433 0.002738869471866959681 -0.002559680372040312995 0.9999930540546798641 104.7899282320894088
0.9999653054591387535 0.007843727004433377267 -0.002802920413077208267 -0.7802188621781427358 -0.007839251167889534078 0.9999680476741303892 0.001603704690070487148 -1.999314473796157676 0.002815408170126816861 -0.001581676127701275077 0.9999948666391855756 106.1492102651591267
0.9999780948653250734 0.006201558970827586968 -0.002311490615721215145 -0.7772161434275796088 -0.006195237340560931158 0.9999771401057730991 0.002731373540361708985 -2.034855923915390274 0.002328374873378441425 -0.002716993354218621894 0.999993679052786244 107.4886912243609771
0.9999907040974260752 0.003821899555625337102 -0.001994324327389059882 -0.7903240816112440115 -0.003812705356062639009 0.999982244754136218 0.004592990478355409023 -2.053928896424622064 0.002011841207906883006 -0.004585343894682374598 0.9999875442446076734 108.8104227771323735
0.9999979893184163249 0.001671102521369559986 -0.001105122902642302531 -0.8132773305224412219 -0.001665477458307371714 0.9999858215349264334 0.005070012380639187313 -2.071440224890558568 0.001113578140729041535 -0.005068161513430096896 0.9999866175165041948 110.1563967753900357
0.9999998687285641674 0.0002737732060449996887 -0.0004243920921776909343 -0.8149168192018341195 -0.0002721880721471322119 0.9999930793978257793 0.003726819516628935517 -2.090720475073582829 0.0004254078982135461179 -0.003726703391662851937 0.9999930460963292189 111.4856945093529959
0.999998207659129168 0.001810923090576717657 0.000545669208415214377 -0.8323054630989796809 -0.001811707667309801675 0.9999973776698417582 0.001443772530012858973 -2.117740915284672898 -0.0005430547158401607564 -0.001444758407519050386 0.9999988896482845391 112.8145562540949101
0.9999903443643237688 0.004156774757173374579 0.0014229982654509856 -0.8420717665561153753 -0.004156473790370224068 0.9999914001405723063 -0.0002132507583437237065 -2.148653749257908085 -0.001423873907625299549 0.0002073341757965896782 0.9999990455646351473 114.1235403860548558
0.9999690951356949853 0.007243274406488426319 0.003055532215374428054 -0.8448230788575632477 -0.007242319472372031781 0.9999737829635990671 -0.0003229429827056205446 -2.178458498392192855 -0.003057792617758329015 0.0003008039899089216926 0.9999953604680906771 115.4509274304254376
0.9999442196988725939 0.009470563488995756632 0.004675302169809054074 -0.8611994764238859457 -0.009478098375374437168 0.999953874831433831 0.001592467613990592931 -2.208439350705439619 -0.004660006203684847158 -0.001636691641653941799 0.9999878834866957611 116.7860846056042732
0.9999392188635521928 0.00949247088557615519 0.005607504511580973898 -0.8694572113082361664 -0.009512344178322775651 0.99994859268470071 0.003528369144590859201 -2.226945488851322708 -0.005573724497853894781 -0.003581495089324790264 0.999978133773865574 118.1232090348527635
0.99994466677846916 0.00847358882149252049 0.006233313919269056584 -0.8730708290115899439 -0.008499627905718468157 0.9999552724816339611 0.004163106695841177832 -2.246910522318207981 -0.006197759820995456248 -0.00421585707889547863 0.9999719875377354183 119.4668348293633215
0.9999331545682600408 0.008745095595316240353 0.007563215393816208679 -0.8707551903448305097 -0.008772686679165933588 0.9999550175732594415 0.00362282945996929371 -2.272193930023757247 -0.007531194266991052266 -0.003688936900854781695 0.9999649165825680308 120.8267453438485433
0.9999122324989245802 0.01007675346275904715 0.008601097092012077033 -0.8771567313032047064 -0.01010541506669591916 0.9999435693256751856 0.003295579080686305163 -2.295158931030234495 -0.008567403999851681828 -0.003382207384353695927 0.9999576600040139818 122.1502868032655158
0.9998838726900844964 0.01170640160081167815 0.009756732718366320153 -0.8764973548306583817 -0.01173416446696946835 0.9999273118218396927 0.00279330321408038755 -2.315464452394182082 -0.009723324930603287342 -0.002907465834347741206 0.999948581244861634 123.4871039931847037
0.9998536549144422247 0.01292769409351488333 0.01120428585154342738 -0.874459520843538507 -0.01294782407973801321 0.9999147446157009567 0.001726103525695406142 -2.339452930882399251 -0.01118101693827716625 -0.001870921931994375337 0.9999358209655899721 124.8150395111011193
0.9998287693519922747 0.01390221704622289153 0.01221281633379160333 -0.8621166761357847985 -0.01391710345342254962 0.9999025694022801725 0.00113490636667385467 -2.367415034510520488 -0.01219584950555843532 -0.001304678954673260671 0.9999248574798476064 126.1429524931846373
0.9998216636875787433 0.01371895538489168939 0.01297781297076008172 -0.8607321546617334729 -0.01373450782261856871 0.9999051219778416488 0.001110142442729121319 -2.398924577157871774 -0.01296135240851193499 -0.001288188228585375461 0.9999152491350501437 127.4650227243573397
0.9998087486573374871 0.01356714186929670364 0.01408514520426484666 -0.8518112113412894537 -0.0135948750533318747 0.9999058881073213945 0.001875201356280541696 -2.422105535296601442 -0.01405837917699878648 -0.002066328405150915076 0.9998991218112229795 128.8037034686653328
0.9998132014843442716 0.0121522701326497555 0.01502920523990568073 -0.8459975736142986147 -0.01219695941760510181 0.9999215119273348051 0.002885524269280015808 -2.446702682673412621 -0.01499296057504960825 -0.003068295761933571321 0.9998829722673830966 130.1463154092915886
0.9998279200423412227 0.01080916368700728797 0.01507596835854707953 -0.8272434644246312585 -0.01085843862383847891 0.9999360164060719924 0.003190531813537740135 -2.471279992745269105 -0.01504051737942811717 -0.003353684162065921018 0.9998813415477504352 131.4810363036543777
0.9998417339876156662 0.00935251728549830845 0.01513373485297606243 -0.8138497505161771395 -0.009405245448799096422 0.9999499930753880106 0.003416840580618237498 -2.496322294944164355 -0.01510102261336955867 -0.003558636199425284016 0.999879721146572531 132.8164096785014294
0.9998666354951286639 0.006617788899151101113 0.01493012457360855944 -0.8061422757007713491 -0.006679184986361675833 0.9999694877199217791 0.004066228904361742467 -2.513217601238703747 -0.01490276020191910744 -0.004165407575359153861 0.9998803521691236318 134.1530541012126037
0.9998764513767868234 0.006191342470102097727 0.01444789898634096792 -0.7881895070433344586 -0.006242132349589664571 0.9999745475773693659 0.003473050891305042021 -2.536713202424557778 -0.01442602905838587593 -0.003562807393030493 0.9998896727266712858 135.4744847180417366
0.9999042782731490941 0.003905589666468768737 0.01327302447724005956 -0.771269680831617177 -0.003957368047738945779 0.9999847145117647385 0.003877123626972069428 -2.563802724135890276 -0.01325767986367964307 -0.003929278638370369177 0.9999044735529588612 136.8137869884158135
0.9999279378828778153 0.002685640075905432102 0.01170038006312520973 -0.7648398581596137502 -0.002738973588105595054 0.9999859824820893639 0.004544774183835857684 -2.586332126215658445 -0.01168801124654032103 -0.004576493603363209275 0.9999213007218702431 138.1603246012244881
0.9999429923842636514 0.001387535465054592996 0.01058674827464098356 -0.7475320336076091143 -0.00143930549402277049 0.9999870975586555577 0.004884181389594065802 -2.607817577951307531 -0.01057983559408882945 -0.004899140411937777037 0.9999321112156696056 139.4934855207991973
0.9999529305768349863 0.0007045625326292351449 0.009676400837077240788 -0.7556705706548733081 -0.000751591465793345322 0.9999879805944013045 0.00485756010136460456 -2.627874114691148399 -0.009672863022202644531 -0.004864604050634555379 0.9999414647301869685 140.8156432753942511
0.9999657070933768432 0.0002621356340944317842 0.008276982067510629468 -0.7449108301479542282 -0.0002981592421364910226 0.9999905486719612435 0.004351526348271643821 -2.648055473396123016 -0.008275764178355652853 -0.004353844868630564122 0.999956357697982523 142.1489230270076405
0.9999704040217270995 0.001021103082336215521 0.007625020690731885466 -0.7510579269401430613 -0.001046680949657509017 0.9999938971849849922 0.003351442070468853025 -2.660346094159351971 -0.007621553057444701434 -0.003359323729631707913 0.9999653936070536098 143.5140302707952742
0.9999789222888536555 -0.001454434015201511166 0.006327093142072853262 -0.7517801594249781116 0.001444089195520148429 0.9999976743421424841 0.001639522021589921719 -2.694825957082072954 -0.006329464149979984952 -0.001630350452427307886 0.9999787204633594495 144.868842457834802
0.9999481579800758579 -0.00849310835757363311 0.005616134261076714991 -0.7416368144533397322 0.008486107458054503727 0.9999632475409196974 0.00126951574644456602 -2.731031087703900351 -0.005626711177172175754 -0.001221790680912584071 0.9999835043075102625 146.2191717809425882
0.9998819402274676804 -0.01471703950941275277 0.004416656704195777786 -0.7289799840897830396 0.01470004239917880456 0.9998845710337289638 0.003856875169896002709 -2.759095902431899727 -0.004472909938447601486 -0.003791494658760056775 0.9999828894445326188 147.5600082957076609
0.9997683799160126394 -0.02135333668550518788 0.002685896543920692024 -0.7157857645759840848 0.02134098563936261128 0.9997619780646123111 0.004546610565135840443 -2.763200477657704379 -0.00278234391116785303 -0.004488237666884444324 0.9999861378139895951 148.8935733718963377
0.9997046247027858712 -0.02424635104851074335 0.001664428270033873215 -0.7080471999522742754 0.02424372429892933389 0.9997048877490908314 0.001581568060538493265 -2.787443783680263909 -0.001702285757939110992 -0.001540748817831109679 0.9999974449221861184 150.2616743413795177
0.999682777961690916 -0.02510711002032128825 0.001992231649990449174 -0.724017283220857788 0.02510985577973091215 0.9996838276240231913 -0.001364566919465093038 -2.817127962522959272 -0.001957342838221702054 0.001414158856160579276 0.9999971652455192928 151.603041134567178
0.9997610350300055737 -0.02170213014757493841 0.002623526443741139042 -0.7372815843513591538 0.02171157523733077688 0.9997577604700573772 -0.00362629267325660469 -2.851930702134640949 -0.002544194017610105704 0.003682387171498447027 0.9999900642694378172 152.934641039477583
0.9997776526956321241 -0.02077984453706935644 0.00358269976859030637 -0.7436754699322009055 0.02079250261835838276 0.9997776334713665003 -0.003532359583970629772 -2.889327236280666789 -0.003508502525562845129 0.003606067629274338493 0.9999874240325896668 154.2585611938833097
0.9996646998850415855 -0.02550479648221129839 0.004470533758223449797 -0.7529128092352922463 0.02550549459256236731 0.9996747381465590498 -9.884231396914400485e-05 -2.919945536202479541 -0.004466559967375638082 0.0002128324984765601706 0.9999900829918645373 155.6266747811076527
0.999540106282250651 -0.02995814612388549361 0.004698716272547274163 -0.7253324222279441402 0.02994611706687098224 0.9995481673755912677 0.002610224695114677154 -2.944122104020426622 -0.004774791971388242864 -0.002468315816745746995 0.9999856350548841366 156.9705726433071789
0.9994232882982063693 -0.03362847197789488318 0.004712664777147324013 -0.7101784009350594618 0.03361021404971808318 0.9994274624291107356 0.003901659827326349386 -2.964793547741562563 -0.004841174693629616589 -0.003741015879689577137 0.9999813645088416747 158.3481409701053337
0.9993436796533400335 -0.03592383801004820493 0.004656214758531511573 -0.7041831417369966983 0.0359049409875139211 0.9993469390077064363 0.004080783919559187629 -2.997004536346391745 -0.004799772625186769434 -0.003910924357908926972 0.9999809140131262764 159.6711331118592909
0.9994312838706220781 -0.03323898076234178128 0.005680801579039931534 -0.7087268944276277072 0.03321345427559870001 0.9994380734809580336 0.004530543935834200654 -3.007616159980710968 -0.005828201224914447177 -0.004339288159415194759 0.9999736817468746208 161.0123472988988169
0.9995203622721050563 -0.03026156261368934119 0.006578430796095588451 -0.71102031026835677 0.03023831242151927071 0.9995362750056624446 0.003605761152977161182 -3.022490950203438498 -0.006684497303642874914 -0.003405110908195444017 0.9999719417332764149 162.3683096954034397
0.9996445314270466787 -0.02554038082543713672 0.007648022336824632401 -0.7253609869332564575 0.02552905181171779073 0.9996729002058298841 0.001575506405803170969 -3.051317027460183073 -0.007685760764949091731 -0.001379699461097823624 0.9999695930626797402 163.7283166362398958
0.9996796962176336399 -0.02390581119463773899 0.008307205849046683452 -0.72343710668843908 0.02389621030242850691 0.9997137202888149998 0.001253281605728082029 -3.084703841103481281 -0.008334789399296514689 -0.001054369294257235861 0.999964789945282484 165.066056504996908
0.9997010088170048547 -0.02279700716891379375 0.008842055218064656316 -0.7219801308011950525 0.02277670573075238 0.9997377811145009563 0.002390147563623809101 -3.106163501758748335 -0.008894225863495404047 -0.002188039903726451442 0.9999581325069338833 166.4153580654620725
0.9997388282480603738 -0.02112709071846036527 0.008712854584774184716 -0.7294101030496196181 0.0211104993063518237 0.9997752251086744479 0.001992033373728989854 -3.124496982699289216 -0.00875298302024283062 -0.001807580262859088266 0.9999601389460464063 167.7655776782490307
0.9997981187084248322 -0.01843402124118133367 0.007993821963662698163 -0.7240689568360572093 0.01843885608998057854 0.9998299097294615079 -0.0005313357351764387906 -3.148684751673895832 -0.007982668679945417733 0.0006786255464564579665 0.9999679884913998951 169.1259226714890929
0.9998494897334183618 -0.01562858280473614081 0.007532448435063841471 -0.7301502302736742056 0.01565162718821697455 0.9998730363828259859 -0.003009950773794218756 -3.186812209218377046 -0.007484451893763244441 0.00312739297267168679 0.9999671814277071302 170.5096075669897004
0.9999351859296763401 -0.008743444171341211574 0.007291681856556160579 -0.7434772285457752483 0.008775214928852210355 0.9999521557661761317 -0.004336346842171755547 -3.221876452631398102 -0.007253419469205792808 0.004400052013701217027 0.999964093849180391 171.8737246284298692
0.9999578061796227102 -0.005266177295551797803 0.00752633643007654448 -0.7446706147749159177 0.005292017643551651628 0.9999802190826546644 -0.003417325347681812731 -3.253258188613453505 -0.007508192380649482758 0.003457010808787547729 0.9999659182506550614 173.2371037700567342
0.9999642354467522809 -0.001932450998902987939 0.008233223377998501874 -0.7539849923037259538 0.001942806699083792638 0.9999973928255067035 -0.001249784130897928442 -3.286194278833246329 -0.008230787793420249465 0.001265735129060524241 0.9999654061948312078 174.6205925062276947
0.9999662010994070371 -0.002196496988395245029 0.007922409113126579333 -0.7631586693422847123 0.002190274478145994019 0.9999973470047733848 0.0007942277807188057905 -3.31111898452693687 -0.007924133661777865018 -0.0007768485587982173471 0.9999683825757981204 176.0211261861117578
0.9999632550413143361 -0.004039224644638292512 0.007560802578403632429 -0.7572717737717163944 0.004026148589461097348 0.9999904351509559808 0.001744090936768300957 -3.335358799052937862 -0.007567776105794229297 -0.001713585809978406503 0.9999699765130325435 177.4068887469242952
0.9999712700341556459 -0.005212695027057423838 0.005502673957780661665 -0.7484732332642750618 0.00520467439682891983 0.9999854344241690951 0.001471198200451139578 -3.347755781580901147 -0.00551026391128214138 -0.001442516177523078726 0.9999838587081617547 178.7890613897558865
0.9999698831943946153 -0.006774700730671799793 0.003785318745447140837 -0.7517223359077721545 0.006783817169545662377 0.9999741698984070393 -0.002400308677267997629 -3.381414318298224142 -0.003768960895969802709 0.002425915444214935945 0.9999900356530061485 180.1652546168045319
0.9999855280660053802 -0.00484509607910760514 0.002336923083952114656 -0.7599582676951830429 0.00485916103794740116 0.9999699522899708759 -0.0060502223760191794 -3.424124377034204691 -0.002307540341097819546 0.006061490462792106827 0.9999790473437979443 181.5770275484951526
0.9999979154199573061 -0.001244191946827405935 0.001616680056887252184 -0.7699879915249197015 0.001256155138728258383 0.9999717508245674624 -0.007419012227190668191 -3.450394412448561265 -0.001607405138675338258 0.007421027725120087418 0.9999712526522323008 182.9675924464544892
0.9999929317649711713 0.003499075563367259022 0.00137310279710884265 -0.7846781833501239589 -0.003490621578871079718 0.9999752993143415924 -0.006110517888450451435 -3.493995393573513297 -0.001394451485680832034 0.006105681869734298425 0.999980468653522081 184.3746227288887383
0.9999872398921750838 0.004756138432304731975 0.001700506788074841995 -0.7938738992015016427 -0.004751242443690521962 0.999984653252746214 -0.002870724308592376324 -3.522783563102429572 -0.001714135677580928526 0.002862608298571563733 0.9999945143588100382 185.8048022581575935
0.9999803409571926816 0.005951810301555789107 0.001971339395103582134 -0.7914781333359549587 -0.005950346313401220361 0.9999820786893859337 -0.0007468467056874063086 -3.553332319716097309 -0.001975750566412073569 0.0007351020029632058085 0.9999978587827261789 187.2229974177199097
0.9999875732824539121 0.004544357793727110684 0.002048076002385414585 -0.7935862436723475355 -0.004544960336933739388 0.9999896904901988126 0.0002904366213180997617 -3.579629425038052926 -0.002046736446598270472 -0.0002997413075246699158 0.999997941278038982 188.6191140213446715
0.9999947472856710595 0.00245053808210999452 0.002119618393264453317 -0.8133785645152100674 -0.002452747638963334847 0.9999965109835857735 0.001041229432117472299 -3.60875463976769506 -0.00211706082847914253 -0.001046422724276531305 0.9999972922904066808 189.993295114882585
0.9999975364217608131 -1.895613240047544666e-05 0.002217950520020836071 -0.8161957244870838846 1.581764447803183887e-05 0.9999990587117414398 0.001415782102275359383 -3.632485360232005078 -0.002217976666990547838 -0.001415743403636055041 0.9999966188869766626 191.3883480847408123
0.9999937117559302147 -0.002530540100755467731 0.002483007220462911564 -0.8185515370551063041 0.002526746528627207399 0.9999956977370967337 0.001530417098113256297 -3.660608308442014014 -0.002486870700195539102 -0.001524133415307389605 0.999995827004794724 192.7911758449385218
0.9999765223293520799 -0.006268687204470817231 0.002766018081480248626 -0.8150094079892375998 0.006261132758496121796 0.9999767279701288203 0.002732005883382009493 -3.688254740735322557 -0.002783081164008580771 -0.002714623208367483199 0.9999925233798947488 194.1912129359571679
0.9999456774419885896 -0.009810682928971851957 0.003519256728378990923 -0.8205328622131612404 0.009796944114571133969 0.9999444622077889866 0.003900578130982336987 -3.707580841894694501 -0.003557329928369483852 -0.003865888154876771614 0.9999862808302165673 195.6102714232148685
0.9999222373728862134 -0.01199806097072628717 0.003399741484164061234 -0.8147361942529762757 0.01198635085620038468 0.9999222891811478942 0.0034445777663895151 -3.71904127968497189 -0.003440806864559713563 -0.003403559283994446894 0.9999883690165756178 197.0281202683218282
0.9999269653551411396 -0.01148144573236366782 0.003772646455372736206 -0.8173119704867707336 0.01148200027671479953 0.9999341329232213083 -0.0001249325062284450298 -3.75528797336067699 -0.003770964856395558115 0.0001682410509026395701 0.9999929565032471546 198.4576458675715571
0.9999802945552183076 -0.004631838301026103451 0.004236635520936868175 -0.8346423321826608177 0.004653053638702078082 0.9999766796188386264 -0.005011130572330576086 -3.790539878988788303 -0.004213327243997356392 0.005030745272123415476 0.9999785502765298206 199.8866434872376772
0.9999765439765044839 0.004267386655146550474 0.005356624565794724374 -0.8449237354579238746 -0.004239192149173515688 0.9999772229634119602 -0.00526354531792771075 -3.827004633186847471 -0.005378965339593351144 0.005240714242326109315 0.9999718811969307009 201.3450693472300088
0.9999149251320625931 0.01129776768021076294 0.006518855751476839572 -0.8625507416411782868 -0.01128674791910698645 0.9999348766058151483 -0.001724515922921105891 -3.856369104152899574 -0.00653791553309867636 0.001650792655654384619 0.9999773457849688851 202.7680844860291245
0.9998793289173544263 0.01369382188248069801 0.007334806762510709226 -0.8574320743248226018 -0.01369657647078784991 0.9999062055067020616 0.0003256701523606371452 -3.882244309742401089 -0.007329660213825786932 -0.0004260924780785221226 0.9999731276716828932 204.2182165452820186
0.9998992060257917425 0.01231353302621522247 0.007067335645430886798 -0.8530887238605171508 -0.01231959921559753514 0.9999238392124681907 0.0008156796503817039315 -3.907655842051179551 -0.007056754595100248745 -0.0009026640609315309417 0.9999747741574073201 205.6573574335628791
0.9999455364561676829 0.008619768005706233971 0.005883557608033824875 -0.8498446585301016043 -0.008624667094161531794 0.9999625414017951908 0.0008080874493830599286 -3.932886790727117443 -0.005876372865529235455 -0.0008587870432892731696 0.9999824459785420228 207.1027480741804254
0.9999657244588222582 0.006856557770130200166 0.004640048324964694826 -0.8512491221456447432 -0.006857666516222422556 0.9999765220174731128 0.0002234343022786929641 -3.9604621746840456 -0.00463840864444380746 -0.00025524642287559873 0.9999892907187917235 208.5507759359206261
0.999962520201321925 0.007312392675563277218 0.004634612444880740513 -0.8573788125625776413 -0.007310962289607884391 0.9999732827469204333 -0.000325147061671936786 -3.98977852373087627 -0.004636867472090935166 0.000291251525214201632 0.9999892880278391516 209.9923011904200791
0.9999585882882109367 0.00803736827508461267 0.004267897442578371184 -0.8590614708830134338 -0.00803699915241770993 0.9999677585201981467 -0.0001032506943386629975 -4.021299026512616948 -0.004268590974149737496 6.894545613476248667e-05 0.9999909679167784393 211.4355279887391532
0.9999401453459368927 0.01018814537832756634 0.00398747467616752168 -0.8635058010510817672 -0.0101905523987185602 0.9999479653658981393 0.0005842024156445195905 -4.046748952806620281 -0.003981316539522943183 -0.0006248018963343805483 0.9999919601068710806 212.8929051702805566
0.9999519700043638659 0.009044437739146598751 0.003774700288729875269 -0.8760128932696210624 -0.009045762031948506934 0.9999590914128797525 0.000334340080132143841 -4.075067030442834692 -0.003771523254851079192 -0.0003684689386243253958 0.9999929006648061725 214.3686979427957624
0.9999583590397850275 0.008528813537704606207 0.003245313091847419965 -0.869199950513506403 -0.008526889509990399907 0.9999635230003868225 -0.0006057380124603955421 -4.105723735835235644 -0.003250362271960555334 0.0005780404908583238648 0.9999946312610659138 215.8338335963640873
0.9999653892479870576 0.007677133240809781885 0.003205379860150134666 -0.8895325278357694154 -0.007674477997834141564 0.9999702595509497582 -0.0008393437452700095412 -4.140064047959699067 -0.003211729619431515602 0.0008147152073798094325 0.9999945912696889261 217.2912330268522396
0.999966432196268129 0.007813026377366695877 0.002466501439278455041 -0.8952696260453535393 -0.007810495027382026098 0.9999690244842412978 -0.001033603375800865379 -4.163250938839228255 -0.002474501988375313929 0.001014304213661279368 0.9999965047752751302 218.7652536844454403
0.9999640846027089136 0.008131780650697469776 0.002386666903876338754 -0.8979246850280975245 -0.008129028014406562697 0.9999663470136888055 -0.001160103122781629484 -4.195567849400294591 -0.002396021674055215205 0.001140660306269035678 0.9999965597490931835 220.2397386551613181
0.9999646267212237705 0.008200771184067727135 0.001866866320514270301 -0.8977803734279374837 -0.008197917724378106855 0.9999652868162871577 -0.001530164304874771569 -4.226248205745074316 -0.001879351458747114106 0.001514805894390437724 0.9999971674642091912 221.7170630010877517
0.9999539683975501303 0.009477691939897616227 0.001492305960658413906 -0.9071727461115486335 -0.009474985562199082431 0.9999535356532346375 -0.001809219450332768403 -4.2586200677475885 -0.001509385284445896765 0.001794996724943914235 0.9999973306352495372 223.2108783502846734
0.9999581705415401256 0.009042528606980558895 0.001371997860378849129 -0.9265343696013249586 -0.009039993535668486638 0.9999575035915905241 -0.00184163536179261767 -4.292270689022484653 -0.001388594041368501879 0.00182915560926677663 0.9999974437622310974 224.6922272156920144
0.99994803415715805 0.01015186980180547184 0.0009279348367597890041 -0.9314710442739131402 -0.01015000313349058263 0.9999465623767724853 -0.001992966914240946064 -4.321041155858177163 -0.000948119063124456922 0.001983444940493210226 0.9999976642725143527 226.1860801618834671
0.99996304373402356 0.008555180513084872235 0.0008441483615367642536 -0.9426515450468360147 -0.008553626602076397356 0.9999618115347379543 -0.001825661119394771971 -4.350149760625871664 -0.0008597364630373424601 0.001818373254531787655 0.9999980579510463485 227.6643328264189563
0.9999710006812373431 0.007550376347671516712 0.0009910320722171406683 -0.9428123102869775396 -0.007548369984685087027 0.9999695490503294204 -0.002011263218591660944 -4.388785168706260009 -0.001006189157227880236 0.002003724352561095032 0.999997567100167184 229.162508261230272
0.9999767377877053498 0.006717076059820250959 0.001182074987610132535 -0.9671651612075787829 -0.006714790427719218545 0.9999756624370325087 -0.001925674516771315676 -4.418355292381689559 -0.001194982578116174105 0.001917692471653508488 0.9999975280002570965 230.669361169447285
0.9999859713162723152 0.005211847467255506343 0.0009414573554981039722 -0.9617711687146082156 -0.005210699029697759936 0.9999857453283983455 -0.001216494355367979657 -4.448771628630662889 -0.000947785591066654747 0.001211571773480085582 0.9999988976645575178 232.1696175577640986
0.9999877322588929252 0.004864936340892992046 0.0009274969899261342136 -0.9680803303901053258 -0.004864154215372991016 0.9999878765689018678 -0.0008419160906925051086 -4.480494549142441052 -0.0009315830876469057258 0.0008373944076249097233 0.9999992962285119136 233.6551618634170211
0.999988306122009174 0.004639591543258138329 0.001361738965803033176 -0.9816242452530101747 -0.004638126657937811231 0.9999887262617492834 -0.001075748440985484309 -4.512658670797101479 -0.001366716094492918939 0.00106942007793699276 0.999998574980174193 235.158652714698718
0.9999787799333380578 0.006345369449087236158 0.001472581712184520709 -0.9858605983636870018 -0.006342711857060884077 0.9999783234313684988 -0.001801325576603095887 -4.546741737634011571 -0.001483981307515832562 0.001791947326590247799 0.9999973741260670401 236.6522041803297043
0.9999743330442376621 0.007010094688644411161 0.001477956071936597842 -0.9993557396246690594 -0.007008617497292756425 0.9999749991689650397 -0.001001207451568586829 -4.582068291244628888 -0.001484939121049122773 0.000990823457050066898 0.9999984873785531247 238.1629280854121475
0.9999692171933589613 0.007522573885737448944 0.002228918392342362897 -1.001321922775803008 -0.007524637357250912699 0.9999713277498765152 0.0009195696270227119275 -4.606608211486474147 -0.002221938350577887158 -0.0009363129986784637275 0.9999971739176517493 239.6640391495001836
0.9999693389282073852 0.007167158899996404521 0.003153658865489849649 -0.9957457653944949971 -0.007171072820446033717 0.9999735895993266954 0.001232037710352053284 -4.630717257038852175 -0.003144746706747773932 -0.001254614929789008839 0.9999943490069455043 241.1802952942746003
0.9999653973634051729 0.007567552365468051614 0.003453803011023975217 -1.01317368089357851 -0.007567597886774300384 0.9999714263713385121 5.828087947055673095e-07 -4.666116640464145426 -0.003453701233756885803 -2.671965461752371049e-05 0.9999941163680092782 242.7066653925070057
0.9999629191770509351 0.007679314204137445247 0.003896271596154384734 -1.033546756703292102 -0.007674908355028675112 0.999969954047016274 -0.001144063709646530843 -4.701667715267754843 -0.003904941446034851295 0.00111411788958964671 0.9999918358221490111 244.2254851072545421
0.9999549352211837272 0.008491662529482434107 0.004244022178415119556 -1.038244461916095096 -0.008487205892446163247 0.9999634752048390807 -0.001066624140144884804 -4.726958330803936015 -0.004252925849865007643 0.001030556311899063398 0.9999905060114366862 245.7441578852705106
0.9999593115332192639 0.007897656458621336514 0.004358305720071023459 -1.034930025120386787 -0.007898294308482645826 0.9999688606473795538 0.0001295337508759725729 -4.758241703701115988 -0.004357148258007057483 -0.0001639515367335133637 0.9999905749138379152 247.2780461787479851
0.9999551246528504134 0.008666268722971513794 0.003825832945143342861 -1.040725345641563271 -0.008668199736222098606 0.9999623720024127804 0.0004888629809918962864 -4.791500766394644728 -0.003821453667616872205 -0.000522004003838219305 0.999992642743306237 248.79015834844148
0.9999517931449547481 0.0091736631270460927 0.003499689062036242301 -1.047045541754775044 -0.009175819261238529062 0.999957781724955308 0.0006010004752742938508 -4.820989092796587272 -0.003494029254284263409 -0.0006330838943895554689 0.9999937762311785772 250.3223522929849878
0.9999384714582584266 0.01049703020497828529 0.003585831963170369244 -1.048813166632191818 -0.01049954325936289061 0.9999447059450463637 0.0006831785804934359775 -4.850619173302855636 -0.003578463655763705967 -0.000720786021894983934 0.999993418279430446 251.8690759659428124
0.9999252736572877831 0.01164182386710804068 0.003729286539122781199 -1.055764575085559986 -0.01164491456252277242 0.9999319298229411013 0.0008085611112256238303 -4.879769713162478872 -0.003719620865417790252 -0.0008519277935863556368 0.9999928000623630187 253.3914094845132183
0.9999186231910208722 0.01210062557312845816 0.00403910848331737616 -1.065570355928458612 -0.0121053846956933487 0.9999261196248954153 0.001156303398032184704 -4.908814735743421309 -0.004024819365209560303 -0.001205104145739443328 0.999991255006860924 254.9251323569903889
0.9999401982662573518 0.01031199591857918409 0.003640764628818612524 -1.06118507891344116 -0.01031630927833065287 0.9999461638946453013 0.001168402775828273179 -4.93643676560289979 -0.003628521370879531516 -0.001205892037516483701 0.9999927705707800651 256.4441665650957134
0.9999495731161525125 0.009124131305418736043 0.00419451838772933773 -1.054178836354327187 -0.009132891859505295681 0.9999562033036819564 0.002074573249081191565 -4.966981158080942649 -0.004175407281530056115 -0.002112776600862692304 0.9999891317840110538 258.0064003617966932
0.9999708092139126814 0.006474657588788213479 0.004056113171952488786 -1.053751036549294362 -0.006485816000354926308 0.9999752621745870984 0.00274432691421752856 -4.994218876896109549 -0.004038245542774376862 -0.002770553892395405653 0.9999880889995013122 259.5577364543602243
0.9999822228237206234 0.004665176434938939944 0.003712504046210248019 -1.06475828603523337 -0.004672667129271588365 0.9999871199415848455 0.002012023223395835187 -5.018131419054054909 -0.003703071092685658681 -0.00202933463002361817 0.9999911652620342428 261.1089956836644888
0.999988981718279657 0.003598404630573449284 0.003013377747481814535 -1.065845039639580216 -0.003602862414205094781 0.9999924817935466059 0.001475752562210492017 -5.058262786167573744 -0.003008046086434742073 -0.001486592963060792043 0.9999944516027172714 262.6436037126088081
0.9999896971216980512 0.001855148648688352856 0.004142051272387573327 -1.057919013448818779 -0.001867469123361045627 0.9999938979640143888 0.002972995862808982225 -5.087641441417495969 -0.004136511929379802985 -0.002980700266109206041 0.9999870830324874005 264.1554825820436463
0.9999913908844595412 -0.0006880651245053379713 0.004091116455862719645 -1.071128748662543373 0.0006695755489216101506 0.9999896239189145497 0.004519495373711892271 -5.10282806305633585 -0.004094184998109191495 -0.004516717037930166774 0.9999814990552483573 265.7066424727365188
0.9999923520496659668 -0.0009145105983662389334 0.003801581638509265483 -1.070859667278001082 0.0008995287668892724877 0.9999918898502844211 0.003941217726873737746 -5.129974046360767481 -0.003805156394514193092 -0.003937767834640299586 0.999985088041613901 267.2400438267420668
0.9999851423894493552 -0.002376879762038190073 0.004904890458988999009 -1.064333552807391836 0.002362217340701682801 0.9999927910458333846 0.002993309693955962126 -5.156666067024963773 -0.004911971070649171628 -0.002981678681480949122 0.9999835716999957436 268.7688302009377708
0.9999830426612758005 -0.001490014868570078716 0.005629098845387385877 -1.07905818794883146 0.001474797268415268224 0.9999953100030744002 0.002706854430333431073 -5.183260140807653293 -0.005633106887632443813 -0.002698506628142589413 0.9999805736646796284 270.3147484449680178
0.9999764815902818516 0.0007551374579524412853 0.00681605053844488995 -1.086342861336955901 -0.0007730417764273940853 0.9999963175323547393 0.002624774392225815052 -5.205838255252259295 -0.006814044490431631941 -0.002629981634404041872 0.9999734064128121824 271.8456062560695727
0.9999691037962602502 0.001575168995447103924 0.007700831639004081415 -1.087852000585962653 -0.001594282182050107879 0.9999957232387406414 0.002476667019497396423 -5.237419621280134052 -0.007696898598645326647 -0.002488867680257622443 0.9999673618816241616 273.4037316791137755
0.9999583239973837134 0.003529155021540965158 0.008419492222058197126 -1.08404379200205403 -0.003548512658655084227 0.999991153267101307 0.002285509253647445733 -5.267279038182168804 -0.008411352840317133997 -0.002315290560615820923 0.9999620243349444104 274.974560573332667
0.9999431545244149566 0.004475152174872841504 0.009677460974018508785 -1.088308914400268224 -0.004493774829850093883 0.9999881521043766375 0.001903613312604401746 -5.291784851993215355 -0.009668828299899233022 -0.001946993314841176078 0.9999514410787390117 276.5074090698280429
0.9999349015979724919 0.004975815563979602354 0.01026773320016095489 -1.076275858289138743 -0.004988551770292264792 0.9999868796266543347 0.001215331035130074247 -5.323671062218813255 -0.01026155212655215088 -0.001266472919472962219 0.9999466276424162636 278.0542859023162805
0.9999296917129444351 0.004245072887633489188 0.01107174353796819277 -1.052186125713508114 -0.004255469276325110801 0.9999905871911556332 0.0009157595996819995181 -5.355697645664108997 -0.01106775271194785325 -0.000962810559433677801 0.9999383677930896441 279.5977740058081054
0.9999289536527545819 0.002833326981272704746 0.01157810089381282846 -1.049957328455562555 -0.002848482066984755253 0.9999951684466010793 0.001292803809976034298 -5.390814026466878239 -0.01157438284337902051 -0.001325691855222053918 0.9999322165735148316 281.1313516093974272
0.999913821370818412 0.002660342171165696202 0.01285554069891316036 -1.057836329324071567 -0.002689205677757342504 0.9999939618349587001 0.002228581450261436954 -5.416619287193704224 -0.01284953503438857926 -0.002262960473087364914 0.9999149613828015593 282.6487632503690293
0.9999156720192013958 0.00111549356388202371 0.01293820069324386202 -1.023547614258573324 -0.001146256460836791481 0.9999965941458029972 0.002370633813178617787 -5.437056619393097812 -0.01293551294416981148 -0.002385264283779107639 0.9999135685432813947 284.2114829720354692
0.9999167246378714013 0.0002798898941557707637 0.01290185887144120434 -1.01461611757696879 -0.0002812440581951345222 1.000000016174872108 0.0001032708002475034683 -5.47399897945395697 -0.01290183091913314414 -0.000106890647515640107 0.9999168429782093748 285.7754312656057323
0.9999206514974507964 -0.001049492365134215358 0.01255315831151404375 -1.008160193552930517 0.001070929138807202472 0.9999980409955926408 -0.001700949889592744515 -5.506915899028853367 -0.01255134934918958507 0.001714258596869192497 0.9999198400299553757 287.3254311592522185
0.9999277197358154012 -1.62326511179208714e-05 0.01202279296423903673 -0.996432228868559533 3.85255735616479118e-05 0.9999983419203438695 -0.001853856923966260353 -5.538173063164660626 -0.01202274373200949015 0.001854186243939132854 0.9999260858510379268 288.8819817879050902
0.9999389950019551554 -0.0015539272988291965 0.01093545115045032462 -0.9844634060123155228 0.001576202952710768204 0.9999967613568028213 -0.002028540274543884706 -5.572348920204541756 -0.01093226439218726587 0.002045653148869099047 0.9999382293110714581 290.4428128330939103
0.9999463052706311084 -0.002334219381513316822 0.01009606367085064647 -0.9915892053467734168 0.00236015356991590812 0.9999940056537759414 -0.002557429996439609596 -5.606102185733127463 -0.01009003446170221932 0.002581121074957757038 0.9999458438125984339 292.0127253654916331
0.9999534372964430373 -0.001557357956879193818 0.009523149813599923394 -0.9812422467131632908 0.001584981718747074941 0.9999946183082197848 -0.002893666017105578706 -5.63876521847791512 -0.009518593036649031572 0.002908625437962950814 0.9999505476893714162 293.57002341749984
0.9999613513773845108 -0.001667929124235485901 0.008631701509046407761 -0.9788142597656825927 0.001689826767760264394 0.9999954327735992576 -0.00253002629722084418 -5.673111213527609387 -0.008627443183780478947 0.002544514734309530173 0.9999596262892260778 295.1296015438322229
0.9999669675384927903 -0.002032346031560489444 0.007869301625107264983 -0.9831540230218869247 0.002049642021707701565 0.9999955619147903318 -0.00219025899066405301 -5.710930217561904776 -0.007864816385347712241 0.002206316030804130347 0.9999667186323236701 296.6891458595164295
0.9999737299023367942 -0.002619279712498092175 0.006758060752426190559 -0.9769315669719389472 0.002625329420965839908 0.9999962221747049629 -0.0008862272543253393907 -5.745103293895320817 -0.00675571506237663752 0.0009039462437438463768 0.9999768520992267096 298.2611211319487552
0.9999783379057648469 -0.0007648527995996685968 0.006536912746813461524 -0.9757413855024048566 0.000763277693429441394 0.9999997400669183856 0.000243696057068879088 -5.771470978295213605 -0.006537098571464824114 -0.0002387011689624185095 0.999978685224288677 299.8424827404498956
0.9999756686183106646 -0.000951397611754745587 0.006910102919439493722 -0.9600271640157487241 0.0009494875855368902938 0.9999995711159302969 0.0002799215568156244571 -5.80104022219954274 -0.006910367381927911765 -0.000273353559835392342 0.9999761665357326246 301.4214292772496719
0.9999678478093554368 -0.0002245436911536203466 0.008015325127334689895 -0.9708357147391476483 0.0002232343815755427803 1.00000002261843135 0.0001644481742407113316 -5.828081489499233214 -0.008015363276329023207 -0.0001626534626005240655 0.9999679440035733613 302.9889008826077088
0.9999637591453651719 -0.0014651714053307847 0.008386070350598526582 -0.9638880439951229562 0.001464787768296659095 0.9999989868993307551 5.208290584507553817e-05 -5.861206883935648371 -0.008386139184121989276 -3.979707581166773314e-05 0.9999649156971361919 304.5850453272166192
0.9999562032906039732 -0.003662033454497529324 0.008612404777485942534 -0.95865651437012811 0.003671762825448095149 0.9999926996541971258 -0.001113963337981990851 -5.887195746925225848 -0.008608263537331165352 0.001145537392919689697 0.9999623728333459916 306.1870433748798064
0.9999439563622385396 -0.005118814651306704058 0.009266842724173562224 -0.9497684372529324737 0.005146273723444781331 0.9999824924511090396 -0.002941560429153647262 -5.925282036813244169 -0.009251624145340208577 0.002989085425272422578 0.9999528160661480536 307.7961659868125253
0.9999430823963844084 -0.005375324131329731712 0.009215766963820763019 -0.9629668598949614466 0.005413204418921402361 0.9999770445533231467 -0.004090196121673114228 -5.956501141921556552 -0.009193570247936806369 0.00413985029516799035 0.9999492494348071192 309.4043926428462328
0.9999635521458726251 -0.00461853299001328127 0.007180253233621128675 -0.9649479643959250064 0.004654216616633548992 0.9999769255521732125 -0.004960720734056994936 -5.995923354866698141 -0.007157177390672848916 0.004993958531821446854 0.9999619976425335732 311.0192114242439629
0.9999801027767105666 -0.003621861033309996779 0.005164172642373638517 -0.9621391111367201265 0.003643295041886632137 0.999984825936670263 -0.004146856132986763074 -6.044251666969584491 -0.005149076157422241735 0.004165588375899404068 0.9999781479745184498 312.6410015611384665
0.999984841419923165 -0.002130914721036375817 0.005076282153186288844 -0.9678331157312418664 0.002136493418013527164 0.9999971808996613865 -0.001093482938480674037 -6.07873001510716815 -0.00507393894410748756 0.001104311942958358279 0.9999865984986722189 314.2360232907598743
0.9999804964641005878 -0.003551620629891090366 0.005136651453781755985 -0.9604265414464340234 0.003542250342674682726 0.9999921082924217997 0.001832466620327954194 -6.099869747961562005 -0.005143120361495290456 -0.001814235448548549845 0.9999852090908846192 315.8664314307436598
0.9999739568908074805 -0.004419802043180169962 0.005704681811581626197 -0.959176407923119978 0.004405477658864688159 0.9999871781308204977 0.002521400441925651485 -6.12439203624806261 -0.005715753941660077671 -0.002496202804071941724 0.9999806301456566349 317.4939918112300461
0.9999691537986165057 -0.005788803294762929694 0.005307891402364597715 -0.9567316860336969597 0.005780620231644458158 0.9999821424971229167 0.001556032570182281326 -6.156616999482197983 -0.00531680539056009465 -0.001525301538579950777 0.9999847831710639845 319.1185337705646816
0.9999635035036383846 -0.006217649439174726539 0.005858754043140505796 -0.9516992620101776268 0.006209635456611725668 0.999979821485410425 0.00138534132738112937 -6.190876519043317039 -0.005867250562538951254 -0.001348909910418056397 0.9999819585128876254 320.7419528997614293
0.9999595141062685988 -0.006590579227371733476 0.006125921655097256273 -0.9411130801770231091 0.006580324080213659742 0.9999769773829068065 0.0016929738887195055 -6.221841187637933146 -0.006136939456268397305 -0.001652594668428104168 0.9999798840193918625 322.382747055187906
0.9999546129533538608 -0.006662784849603868749 0.006809686727147019371 -0.9401252698626909599 0.006651366198090995566 0.9999764982733300167 0.001698337483086525277 -6.25255228428629195 -0.006820843460610427449 -0.001652966552000480118 0.9999754523661209538 324.009708276953063
0.9999655019815020252 -0.00488857442404819903 0.006714848512546021074 -0.938015228845173632 0.004882283158928405441 0.9999876883126452842 0.0009532334972350805288 -6.286467186387788786 -0.006719426915658094183 -0.0009204166908476803504 0.9999770815743196373 325.6464840261750737
0.9999618510739493038 -0.004350082551910657708 0.007574013625012801162 -0.9390293198160413191 0.004347060090129038594 0.9999905261504754561 0.0004156886415403616281 -6.327859484357365005 -0.007575751218494007969 -0.0003827479602981813736 0.9999713111068162519 327.2743426731134377
0.9999484298784826475 -0.005400280653478631808 0.008600410167222656901 -0.9500053484822428285 0.005382976109450437682 0.9999835038690161326 0.00203412844837729586 -6.355127411392297532 -0.00861125416487009375 -0.001987727620894093414 0.9999610276304392587 328.890597850539848
0.999943911815373121 -0.006514404640915605858 0.008350344737677080006 -0.9338723019892074539 0.006490965682828986512 0.9999749866556768563 0.002831174509072794439 -6.38058593818330344 -0.00836858030600449998 -0.002776813789634546056 0.9999612081014725984 330.5091268446853405
0.9999349876550709393 -0.007612817794168275434 0.008488696565569553432 -0.9222605718827574517 0.007595726289551250725 0.9999691239657448882 0.002044059574542327323 -6.420215234256098746 -0.008503996534401658119 -0.001979448743187490253 0.9999619619589132924 332.1263471920873371
0.9999422607743659874 -0.006614612792709593896 0.008468442398435558488 -0.9132019932108829119 0.006599651285737544518 0.9999766744885482117 0.001793656379676996683 -6.449164421805392067 -0.008480110224471792621 -0.00173766392184149048 0.9999626141980625382 333.7477302172248415
0.9999546430812742415 -0.004776155489150524583 0.008239697944263846621 -0.9174769858289623103 0.004778989115958471971 0.9999885891229935986 -0.0003240468552263374284 -6.476054342930039454 -0.008238057251473637072 0.0003634097176481571848 0.9999660813675280702 335.3601229317780508
0.9999669300287584717 -0.002877655881063965072 0.007605948397766679366 -0.9199019628395371795 0.002898376078040444583 0.9999921768123299914 -0.002714377918178095209 -6.52042963029576228 -0.007598078914262660667 0.002736333194006128951 0.999967471079393766 336.9616182854134649
0.9999734493898394527 -0.001720147999648209691 0.0070805447161456413 -0.9334055735168419465 0.001735978988772209292 0.9999960676215056132 -0.002230074926953508601 -6.565295420458968856 -0.00707668191100071977 0.00224230753299077025 0.9999725267072843149 338.5702349754660645
0.9999819739866906421 -0.001126891092368992103 0.005896976068316846925 -0.9241490199715485243 0.001122311460280440466 0.9999991269608593525 0.0007801343717067878896 -6.590678937621968991 -0.005897851218146845168 -0.0007735019369193053829 0.9999823891370563933 340.1835499327355024
0.9999891503101425716 0.000295095155532277859 0.004648084819476823448 -0.9210580952351198336 -0.0003099741160997431248 0.9999948896415894461 0.003201049851111285264 -6.61418735477546349 -0.004647117701886114421 -0.003202455787603888677 0.9999841549300590993 341.7955687128911109
0.9999934424946596012 0.0007848526862746469735 0.0035343298301664214 -0.9215587293887769205 -0.0007937939828542545746 0.9999965465302279588 0.002529610867349415659 -6.650691193971707271 -0.003532333570233673562 -0.002532399687032539648 0.9999906355100456334 343.4055112326228709
0.9999980474791512197 0.0002087628229905710961 0.001963153095734724869 -0.9329859720608403295 -0.000211344124506695184 0.9999991733363898794 0.001315588588741436159 -6.689055798443879652 -0.001962878239337866298 -0.001316000792496538124 0.999997288389281036 345.0091070173493222
0.9999993703157450398 -0.001017128305705991944 0.0004661891092779269223 -0.9482821933409357751 0.001016099421327001625 0.9999971128628232231 0.002205430396260789783 -6.7164059182669682 -0.0004684324733538825837 -0.002204955185820515855 0.9999975401352065862 346.6136445505343318
0.9999969073300366551 -0.002347282027034725601 -0.0008173810244907712269 -0.9636241175778084145 0.002349515555364252353 0.9999935460728528458 0.002740384378586581578 -6.74715951731784358 0.0008109417113701910792 -0.002742296225633994965 0.9999959918497888234 348.2116493871825469
0.999995559251102395 -0.002858234842449565698 -0.0008393362433591894508 -0.9675978101861115732 0.002859907409926243631 0.9999939787320932805 0.001996383455123716504 -6.778893837573817471 0.0008336234731908456893 -0.001998774883156174097 0.9999977357482843221 349.810812696764458
0.9999940856090078212 -0.003111807200167627553 -0.001462161886665553929 -0.9738505540641592129 0.003113688483799860723 0.9999943878769936845 0.001285020020593684959 -6.81385543373908753 0.001458153325194468369 -0.00128956500328298077 0.9999981861687904372 351.4052956246874828
0.9999929140835015495 -0.003431992745492952555 -0.001544578509823274102 -0.9890282072104347177 0.003433739562231453556 0.9999935288275998424 0.001128651323659429816 -6.844672749459528305 0.001540693365457663578 -0.001133946871744177754 0.999998250977578218 352.9949317425290474
0.9999904211680999966 -0.004137813732570676598 -0.001424283235564158603 -1.000798816673443614 0.004139326730636367843 0.9999909323768836344 0.001059838329411142473 -6.878615341595084587 0.001419883288611171676 -0.001065723615647347746 0.9999985048461919046 354.5942506857140302
0.9999882677860677527 -0.004588810440323303451 -0.001549071296189797253 -1.008226014763352385 0.004589445606289118892 0.9999894472131819478 0.0004056731850488257672 -6.913422728706718701 0.001547191766118211683 -0.0004127776657468137651 0.9999987986703369192 356.1923570828873267
0.9999868912844928071 -0.004863936627728079713 -0.001597464360606513879 -1.020138142262897674 0.004863680835911835844 0.9999882196843129512 -0.0001649877520586033651 -6.94981223480346344 0.001598246403603082594 0.0001572161731808027405 0.9999987912099580489 357.7810188152251953
0.9999853683346693334 -0.005216121107788287622 -0.001430981918059086007 -1.033495404128973894 0.005215876867573988711 0.9999864428829744467 -0.0001754956803167972946 -6.980219246005265887 0.001431876306644419604 0.0001680294279094640068 0.9999990415128012788 359.3717340119297887
0.999985827053666454 -0.005139595959414652165 -0.001386635225560709211 -1.045764605573684225 0.005138337530675825965 0.9999864449764190866 -0.000910752802709062872 -7.015824067503185546 0.001391295716035557094 0.0009036150383694239313 0.9999987046523700629 360.9680274587470308
0.9999778599040214377 -0.006508763661703555539 -0.001381379109977818372 -1.052885917327384124 0.006506313417235402158 0.9999773246137572125 -0.001772079283411911749 -7.055026400909138573 0.001392880217543679237 0.001763052511765441635 0.9999975565274823452 362.5633757285077081
0.9999653798604508648 -0.008189284039659771794 -0.00147214719542165199 -1.066467927488665923 0.008188306175493152358 0.9999663117642278998 -0.0006701498362325469501 -7.083192799290283226 0.001477584028414400275 0.0006580723885969770766 0.9999987726074047734 364.1525505431828265
0.9999493579777747332 -0.009950602059803628427 -0.001503165874608201717 -1.078543681433012713 0.009951004064647748365 0.9999505150265998177 0.0002591123788624697527 -7.117557154262120989 0.001500511543963384264 -0.000274057123720635701 0.9999989174433056016 365.7497346247740779
0.9999460193196162416 -0.01029030530948358765 -0.001435469409745203243 -1.0899911516230818 0.01028959505297984307 0.9999469955550001066 -0.0005024313639254604199 -7.152462384218844171 0.001440561877572583971 0.0004876339893575584554 0.9999989242618020358 367.3558804803753901
0.9999595991440786147 -0.008920631033157365788 -0.001102238840099729325 -1.097788380981693956 0.008919497191345757137 0.9999597502558728035 -0.001030805798486484487 -7.188195019171416789 0.001111388315847742321 0.001020932883447505692 0.999998942020881687 368.955117884848562
0.9999745745996918567 -0.007102228754240377979 -0.0006332535415249741307 -1.107064497792253244 0.007102099412286431296 0.9999748190308160867 -0.0002088295021585248612 -7.216407187871847206 0.0006347191811705611437 0.0002043269047812166725 0.9999998584567945104 370.5412060680332047
0.9999797221568765826 -0.006366826979829195987 -0.0001062927082861982652 -1.121803668532790343 0.006366888485888335877 0.9999796281445038071 0.0005728421012339865274 -7.249575303137649307 0.0001026418188499746381 -0.0005735071011569354855 0.999999911043261358 372.1334068883666646
0.9999823675706990267 -0.00593410781815137487 0.0002083767187963392342 -1.130337747186929143 0.005934046605154379844 0.9999824091792317571 0.0003009047593886736926 -7.283303157304521491 -0.0002101601727851066235 -0.0002996627982116788474 1.000000013783847841 373.7287368126333718
0.9999823283218089998 -0.005918763791232030044 0.0005511692499833558551 -1.148406494757260754 0.005919004566605779935 0.9999824497348486219 -0.00043327568003933653 -7.314141186424582664 -0.000548596617369291259 0.0004365305374404164669 0.9999998350080971932 375.3358507647294005
0.9999813734299061174 -0.006032967855492401069 0.0009211947350701887079 -1.155507691166527851 0.006033640915288684958 0.9999815936044462727 -0.000727839452257664026 -7.350455749399385397 -0.0009167882214042189382 0.000733384195049892806 0.9999993915902701813 376.9387926135335647
0.9999843576373322884 -0.005444957334460012038 0.001276490488085631723 -1.162153950724091445 0.005445851086799204793 0.9999849897739386817 -0.0006964573858925970007 -7.384361329297290055 -0.001272680599488034943 0.0007033982096139569868 0.99999902352425174 378.5462558798059263
0.9999894769079291645 -0.004383704304723868087 0.001349710568381827991 -1.17604430462627163 0.004384381258508418359 0.9999903257122986222 -0.000497797040298318845 -7.416790343796248131 -0.001347516764098574769 0.0005037095868829648314 0.9999990460043975959 380.1470791990357725
0.9999948864485561639 -0.002557721558624864895 0.001917719283113917313 -1.189674777690730822 0.002558161256797020916 0.999996763417376755 -0.0002260149058186442352 -7.448661360200952153 -0.001917136406863137639 0.0002309197215977179421 0.9999982163980317695 381.7651475822405587
0.9999953198972928448 -0.002136260125786805086 0.002188398159509758953 -1.1977816784588875 0.002137545165315442135 0.9999976058078555718 -0.000584290687038223084 -7.479443508258507123 -0.002187146120221758819 0.0005889658895472307939 0.999997515520191671 383.3751811656105133
0.9999967549784023468 -0.0009899982383620136838 0.002345729721129187137 -1.183890026258528794 0.0009926834088200562137 0.9999989149807098077 -0.001143123680712135109 -7.51660125551377778 -0.002344596872602857599 0.001145448676447183289 0.999996676168773746 384.9792774633287991
0.9999964279635833453 0.0002596845854820459178 0.002658784946072519778 -1.1921941270155334 -0.0002566178898432910113 0.9999993633286725636 -0.001153083790372326891 -7.551475631402041699 -0.002659084059328649125 0.001152397516766256839 0.9999958813855376327 386.5901725040932888
0.999993916921091075 0.001481971313499141473 0.003156326480280542864 -1.19837300942240077 -0.001481457298320406181 0.9999989501390883495 -0.0001646684259954797256 -7.587879103608278442 -0.003156568538915492748 0.0001599915933839179093 0.9999950859950621496 388.2047617771135037
0.9999912854432618792 0.002480842823335327029 0.003356631215226816515 -1.217398197173153562 -0.002481470006790419298 0.9999969654252613971 0.0001831822427027932694 -7.621068410024606443 -0.003356167909545730143 -0.0001915098962982183693 0.9999944304832878439 389.8219176491135158
0.999988765071545993 0.002835978050330734655 0.003797298535924695847 -1.221847926470548629 -0.002835862015357336254 0.9999960393589650831 -3.551257758595138548e-05 -7.650725947025132534 -0.003797385508603788769 2.47436938407194135e-05 0.9999928703686635778 391.4572166248817666
0.9999859402817495857 0.003377384929819593918 0.004087178451991810638 -1.22443267774954001 -0.003378016091911134697 0.9999943445995769231 0.0001479297167986229388 -7.683692225187807701 -0.004086657003813202842 -0.0001617340629626391377 0.9999917172726792147 393.0930451020050214
