0.9999999659977056865 -0.0002409879517188521527 4.945075342383943275e-05 2.370107612354080583e-05 0.000240966756831716936 0.9999999257645005857 0.0004609986351133903257 0.0001676201398147285858 -4.956337342547594542e-05 -0.0004609865699468633396 0.9999999732836869493 0.0006339765284513179319
0.9999973369792487521 -0.001026133206968345276 0.002065332199529212182 0.003149394636287100938 0.001022892934330649813 0.9999983052639429548 0.001570119235461329065 -0.004431290520914332558 -0.002066941257047699623 -0.001568002312166500095 0.99999671532342993 0.3122109374841369189
0.9999956472273454633 -0.002199106450635682133 0.001965188967650537914 0.006772731189944033309 0.002195485258581285348 0.9999959512544200901 0.001843755973241689152 -0.02362445905107793745 -0.001969237039085246308 -0.001839433276099786607 0.9999964500564968439 1.356570787904613162
0.9999945594778935076 -0.003261438588146728986 0.0004863579464011278004 0.00232271899361531425 0.003260896273031747925 0.9999941226753160661 0.001115028421432824298 -0.05547323186119979682 -0.0004899931866250965438 -0.001113436259265092451 0.9999993408495030378 2.994170561097611927
0.999993246101861577 -0.003568546604575076765 0.0008750634152378208332 -0.009137863400484211307 0.003567787538354917718 0.9999933186188675327 0.0008693262254144530719 -0.08902166924830512418 -0.0008781612778194132236 -0.0008661981798650368082 0.9999993200333404664 4.773790005673571812
0.9999922202923526848 -0.003922300449080191528 0.0004091752744072528459 -0.02303288682097449219 0.003921671770531834356 0.9999912007827495009 0.001530021731847680012 -0.119385944426730034 -0.0004151743857570897706 -0.001528405045572996807 0.9999988265698749323 6.427816683712847201
0.9999886307140701813 -0.004766321926542799528 0.0001145769539502953122 -0.03447947597697641892 0.004766010207003312273 0.999985336426657323 0.002595033408735140414 -0.1455554421197463311 -0.0001269455637293179446 -0.002594457701204962684 0.9999967070977192618 7.899004963332306062
0.999987826119900669 -0.004931467753276982599 0.000144040171396262617 -0.04174068149247444487 0.004931038761996399573 0.9999838397583562521 0.002850824285443628002 -0.1682092825696877569 -0.0001580981152502797141 -0.002850079184116352526 0.9999960067849454903 9.2453823288462047
0.9999926036581395783 -0.003844809164069019469 -5.082058524771423475e-05 -0.04860842785746539302 0.003844883812636986243 0.9999915070770318826 0.001524716723801001518 -0.1906433135954166413 4.49563738573450464e-05 -0.001524900713362123969 0.9999989170938780036 10.54491950596477778
0.9999988032927351611 -0.001542643154267681971 -7.860920451921397521e-05 -0.05670044292317352741 0.001542612112706840018 0.9999987855446422769 -0.0004139718426772380044 -0.2154208195928132841 7.924618426120647854e-05 0.0004138502216416550653 0.9999999919902390344 11.84718291959042524
0.9999985214334130568 0.001715538036845807831 8.11143458842814583e-05 -0.06728103594023591982 -0.001715413074365998436 0.9999974694192602653 -0.001496871132422022662 -0.2422741855485102402 -8.368360499151729695e-05 0.001496729913892173554 0.9999989571641638708 13.17479215016430949
0.9999906293187117434 0.004325930926445171847 0.0001418480532014206193 -0.07974638818578855259 -0.004325706139747717213 0.9999895231862143685 -0.001537494405771676603 -0.2699668018039995676 -0.0001484991828747846403 0.001536866542808562651 0.9999988887604422949 14.5245830442908499
0.999988410187991561 0.004799150336640053797 0.0003743940805480983091 -0.09105035796034026407 -0.004798967249712386522 0.9999884287768776581 -0.0004840760190605131554 -0.2978501242139801053 -0.0003767144100854869968 0.0004822738366869387758 0.9999998935156622082 15.88357308472986418
0.9999958603914147481 0.002820537747743207327 0.0005623944932207157032 -0.09890498650833169647 -0.00282150967266151919 0.9999945704860927487 0.001737869375775532828 -0.3244633400613459173 -0.0005574912123032833714 -0.001739448857216633389 0.9999984125258732925 17.24317620210253565
0.99999956150692626 -0.0006260524977198158713 0.0006910561917776196147 -0.1030253884951132515 0.0006238755384181624572 0.9999949106324714787 0.003148269897440081431 -0.3490814211066960437 -0.000693025148396033742 -0.003147837260671059508 0.9999948861717437021 18.59998697287735325
0.9999953199182690655 -0.003022118106011479396 0.0004684603853514920598 -0.1072277475653592993 0.00302132363031320985 0.9999940672819398468 0.001690893940550322258 -0.3726470625506347334 -0.0004735691907758701638 -0.001689470525905488203 0.9999985414761850544 19.9541039867984864
0.9999918251427827309 -0.004021506130623652732 0.0004118815124353166282 -0.1137701987672863346 0.00402180575692326521 0.9999917105702733622 -0.0007252502175195287394 -0.398015348216382292 -0.00040896300536012953 0.0007269009366904625492 0.9999997329487136932 21.30784882615149911
0.9999970656055490181 -0.002196715528119593756 0.001017709630926280293 -0.1216100585907273351 0.002198084341623892258 0.9999967417898485422 -0.001344228889916541762 -0.4263563048979766568 -0.001014754894556846223 0.00134646209800131267 0.999998659422323577 22.66403005365183887
0.999998313618116641 0.0002786470695075684602 0.001813182599677607256 -0.1290113414706278161 -0.0002788794032542926942 1.000000013877159422 0.0001287819460772288865 -0.4515978280800889699 -0.001813148160767560826 -0.0001292872552711464085 0.9999984286555377855 24.02506274447991785
0.9999965737753014894 0.0006166043305896066681 0.002542587439050200075 -0.1337876991558519524 -0.0006251171277129314967 0.9999942567828674633 0.003349289889277220957 -0.471898976871438669 -0.002540509028636249011 -0.003350867708808352285 0.9999912394789610692 25.39127205150648692
0.9999946845130963657 -0.001575847311765324939 0.002853096767380085535 -0.1364515793410413236 0.001561721116968536058 0.9999866039692946185 0.004947224060409223696 -0.4926230315500534918 -0.002860855977393615083 -0.004942741906567740644 0.9999837730386404999 26.76220565799474826
0.9999876694860567738 -0.004212132475906097892 0.002628939548229348045 -0.1390424400970738661 0.004202686331107938558 0.9999847892179891673 0.003588994279532913174 -0.5139564875283773038 -0.002644018251762659047 -0.0035779012943157819 0.9999901846143596229 28.13639470765450667
0.9999811834403469213 -0.005585007489621906726 0.002536328571031871114 -0.1427483815198443973 0.005581713569676549289 0.9999836322213266904 0.001304562610218116484 -0.5363957327801274211 -0.002543574425492605828 -0.001290380870774848754 0.9999960133330569878 29.51284092478595511
0.999981914362802593 -0.005151968764127446906 0.003101720651686539452 -0.1490367244514361755 0.005154255658079214333 0.9999865119040697303 -0.000729231375657810087 -0.562758214304016291 -0.003097923179213838037 0.0007452053875576520724 0.9999950045262403497 30.89189291317198993
0.9999896358597034629 -0.002747988307183957778 0.003628944951292726716 -0.157666038333439118 0.00275596279949385202 0.9999938568860142762 -0.002193849665269659126 -0.5920392895397713628 -0.003622895293069485021 0.002203828307676672458 0.9999910896141144256 32.27357173862664297
0.9999914673021245148 -0.001254552865950144197 0.003934962495332569414 -0.164595041495259331 0.001268422343374014938 0.9999930481753624978 -0.003523750943669888298 -0.6230193817975434589 -0.003930515696582878929 0.003528712216965987965 0.9999861302907562255 33.65933680899788527
0.9999916311430004923 -0.0008170253555452209552 0.004007820343992412292 -0.1677468625732295993 0.0008309453039088336799 0.9999936871769473656 -0.003472355181620256481 -0.6540513112691107578 -0.004004959324897205269 0.003475656546924869254 0.9999860207272252 35.05006312821174674
0.9999926021467896442 -0.0005448704072481872461 0.003806741244938437792 -0.1687519638391919152 0.0005532744211014563058 0.9999974736013679255 -0.002206533989832447883 -0.6838808950141973542 -0.003805530649541554768 0.002208623979444811983 0.9999904006808741919 36.44569641449007946
0.9999931878372267935 0.0007189879492090437557 0.003619371310766587944 -0.172690409339325307 -0.0007160395397880988961 0.9999994722614778953 -0.000815399361123417374 -0.7120736253305905983 -0.00361995697257667861 0.0008128023281517664494 0.999993198377334136 37.8442856499389535
0.9999899627090870213 0.002820569334434387936 0.003480141801206697739 -0.1806402681875056149 -0.002819365834490144412 0.9999960253111139785 -0.0003502090613880509814 -0.7402290226277921104 -0.003481117076243967455 0.0003403938847096827703 0.9999939637281635152 39.24319680551320033
0.9999794187432270443 0.005316920789892490111 0.003589563455089084948 -0.1887371993735651732 -0.005314885155125143729 0.9999857710910284858 -0.0005759461644655465735 -0.7687866577640820598 -0.003592575951410811874 0.0005568563234214728673 0.9999934724017229826 40.64388677243780279
0.9999646438748838184 0.007533387091588679245 0.003735184995758710196 -0.1951592229926362998 -0.007531934099522106379 0.9999716146349671986 -0.0004024802341127935862 -0.7962715015296611965 -0.003738112313727753443 0.0003743329644070283102 0.9999930239397978315 42.04676503300937185
0.9999595907229146263 0.008233531605412304152 0.003608103155672719164 -0.1991267536718468456 -0.008232752360831247992 0.9999661448454556512 -0.0002303191927980964863 -0.8240556063666594211 -0.003609878654309088206 0.0002006053925842826767 0.9999935450144364912 43.45193031614437729
0.9999658171889120872 0.007659135103365608682 0.00311362039220948808 -0.2024606306125484867 -0.007658177780557353515 0.999970685975587914 -0.0003187468532584580437 -0.8527706987513384851 -0.003115971785898039286 0.0002948914268764295829 0.9999951826360835572 44.86007127755434709
0.9999729822973177917 0.006974089440872921659 0.002321482226867467233 -0.2073218364835442973 -0.006972593930208161386 0.9999755403319497971 -0.000650976494585584777 -0.8818117895556868424 -0.002325966801618989128 0.0006347722840377763992 0.9999971742351454473 46.27080513898293646
0.9999770664380450702 0.00660910242614225641 0.001476106717124488731 -0.2138370367472592903 -0.006608652077020963841 0.9999781760348036563 -0.0003086607770895604405 -0.9104502116389191491 -0.001478115914472753929 0.000298898752615106057 0.9999989436831954182 47.68547182824764974
0.9999768008151191934 0.006786306258786277759 0.0005800073595171900036 -0.2224478566608736052 -0.006786511969847257471 0.9999769689522289839 0.0003562579019340524154 -0.9387796874837545102 -0.0005775778228021750428 -0.00036018573585947628 0.9999998491016938162 49.10582213095210591
0.9999734629494747562 0.007269167038282743284 -0.0004744890416104427695 -0.2325592884700544982 -0.007268935106634504852 0.9999735242282505876 0.0004853071618868885859 -0.9672251371275215615 0.0004780026967004601763 -0.0004818451251104882184 0.9999998504351823581 50.5308709592825096
0.9999707107171007525 0.00750774093811933628 -0.001484610628300756614 -0.2434504837273991085 -0.00750653690766606152 0.9999715554345564028 0.0008138322822516407982 -0.9947993878679454172 0.001490676817763195508 -0.0008026640336686288908 0.9999986475705813227 51.95737892735293428
0.9999712583688230572 0.007244597627541294292 -0.002234004692333421867 -0.2542018440402359358 -0.007240984426645281392 0.9999725317179635198 0.001620509943736617295 -1.02112562071372226 0.002245681600449616483 -0.001604286849090781749 0.9999962723461662817 53.38344577554821768
0.9999768395579534674 0.006148812491654833193 -0.002916331036451603759 -0.2629079104097928332 -0.006141648162473739743 0.9999781782982217759 0.002458696102559520136 -1.047004652069502439 0.002931383745872706125 -0.002440727955291954656 0.9999928056557307876 54.80852710853138632
0.9999827244286714212 0.004378322581488526197 -0.003920926892837512182 -0.2711035602618694917 -0.004367937474027670103 0.9999870026412357449 0.002652880747674375792 -1.0734459617959482 0.003932489325081705428 -0.00263570842906694653 0.9999888749848458991 56.23487053148264181
0.9999860590368668811 0.002582578480752383086 -0.004604839870139444333 -0.281946671954944883 -0.002571775489905828681 0.9999939926882062124 0.002350035621497323108 -1.100605851102976152 0.004610879544052155776 -0.002338160117315127816 0.9999867170719363152 57.66186036831498996
0.9999902814284179486 0.001201700417007214123 -0.004240930479246835319 -0.295818166141936012 -0.001190942191421746899 0.9999961311745303449 0.002537992195424686181 -1.127607445303089539 0.004243962185636483177 -0.002532916698587847799 0.9999878672473827557 59.08686065928818465
0.9999934054168916342 -8.321757207232063967e-05 -0.003629699787393341186 -0.3121237772864990379 9.493302749872369669e-05 0.9999948492410980494 0.00322716486411412512 -1.15372675883150122 0.003629410779431450386 -0.003227488034672894475 0.9999882860431716924 60.50798253757440648
0.9999932071682429147 -0.001717035480296594816 -0.003260356769631343309 -0.3289369735294656039 0.001729021506839033924 0.9999918077897854696 0.003676541117780406705 -1.178846327399989846 0.00325401557579170107 -0.003682153245361836826 0.9999880072560668465 61.92699144284053858
0.9999904441746391148 -0.003275302133851569052 -0.002894213587826584798 -0.3448062169288031997 0.003284844811461654253 0.9999892274470441045 0.003298015007556694047 -1.204101015489749793 0.002883378704438154319 -0.003307490407227193108 0.9999904540350212923 63.34618445552796828
0.9999868943729328663 -0.004537454853930069677 -0.002369620291431701921 -0.3587165457302892713 0.004543825171248518438 0.999986121862781574 0.002689210750909728966 -1.231052956723914349 0.002357383556108805928 -0.002699942517070142659 0.9999936572704283266 64.76561523012527744
0.9999887556495318242 -0.004457272087544507204 -0.001616729171987744702 -0.3701261492051116098 0.004461135243771257274 0.9999872473841699971 0.00239279356183323905 -1.259916620487690153 0.001606041591584689548 -0.002399978973089899551 0.9999959111220029229 66.18383389773885028
0.9999960162362553362 -0.002687580700205153585 -0.0008584494838556706517 -0.3807420124067351086 0.002689635466764712067 0.9999935650417413058 0.002399552827615154902 -1.28885944288510701 0.000851993382890050611 -0.002401852055694103302 0.9999968333673270315 67.59689407530959215
0.9999999420860733457 0.0001507430525877105566 -0.0002926115699482378235 -0.3915423728216055888 -0.0001497591026452917758 0.9999944244319428632 0.003354219870595683949 -1.316277492439346775 0.0002931140119598627598 -0.003354175732437133118 0.9999944125447454146 69.00479524651326813
0.9999932424449632373 0.00366532250720607005 0.0002701817940968818726 -0.4039713335911342407 -0.003666536120713722192 0.999982557392599003 0.004643654912314527407 -1.342958353010086592 -0.0002531581083361300155 -0.004644614049176747778 0.9999892624439268296 70.4086057815723052
0.9999705468449741064 0.007601969398639159096 0.001052632353544258933 -0.4179032667985063121 -0.00760724835898262796 0.9999580849990801212 0.005106869469823455306 -1.369107194296166563 -0.001013767440994735791 -0.005114726582851807611 0.9999864865988622453 71.80998421501384144
0.9999294174461421658 0.01171084375092392577 0.002002200321522821808 -0.4325231321863079459 -0.01172027075072401038 0.9999200271390752404 0.004764101824503360304 -1.394289685862762251 -0.001946249964769456321 -0.004787231785279369607 0.9999867279404244247 73.21119435756752125
0.9998839381569676332 0.01496656909169455547 0.002846853874919499146 -0.4465413931611360021 -0.01497886002144787135 0.9998784232918956905 0.004346776183261096514 -1.418971577532684325 -0.002781452803605120611 -0.004388914209168813182 0.9999865811537320681 74.61266875642182583
0.9998551512686368881 0.01666749334167822241 0.003444372886841475054 -0.4580155117122362562 -0.016682410449470636 0.9998514418140836968 0.004348971494047341319 -1.443785190630033188 -0.003371376073601289707 -0.004405801890199307486 0.99998469201724971 76.01371378348969188
0.9998528860275135433 0.0167448241995117042 0.003716143475314133849 -0.466709725937055897 -0.01676172075483822049 0.9998491585442419449 0.004563654746228011996 -1.469478974015758777 -0.003639166644187691139 -0.004625272226082277616 0.9999827622808882266 77.41392210541077645
0.9998654076932106394 0.01598525869639262631 0.00369195848072318214 -0.4718944328397169374 -0.01600088342692526991 0.9998630380794539807 0.004242509134611912106 -1.495887926703224791 -0.00362363653140223901 -0.0043010126189944025 0.9999842659186037874 78.81233571724607145
0.9998811496602861837 0.01501635728504199449 0.003491148678933633613 -0.4754846261545349062 -0.01502886052308449738 0.9998806992625931533 0.003583666910320713883 -1.522158755951492193 -0.003436919884855439439 -0.003635708869673863822 0.9999875652920710012 80.20709155721782224
0.999892257229213377 0.01433218167810786613 0.003170969961244551015 -0.4797428013434650307 -0.01434325452286846526 0.9998910736030497404 0.003497721547295621659 -1.548384529762487194 -0.003120495922693564822 -0.00354282661401535354 0.9999889361490643669 81.59755354518503623
0.9998961329816542509 0.01407926134260545706 0.003080616281594428327 -0.4852413736144567391 -0.01409019544603089258 0.9998944610484717943 0.003557419733865137094 -1.575136264868150837 -0.003030206664446166622 -0.00360045661242673707 0.9999890079872895132 82.98302614746428674
0.9998973337781378312 0.01409089836581826558 0.002600199118052299359 -0.4924839474009666263 -0.01409971452130844884 0.999894858853863866 0.003404609557032713639 -1.601894700923773618 -0.002551953101969736074 -0.003440921974558773955 0.9999909045218934311 84.36334678200992698
0.9999012215164216899 0.01393975377501367914 0.001795278226133398877 -0.5009430674661561333 -0.01394620949639630188 0.9998961969814383899 0.003636011763163105384 -1.627498192883584105 -0.001744408190687302997 -0.003660689820393251987 0.9999918589290013315 85.74003653353815935
0.9999162407414906584 0.01290952332081067924 0.0009210081170766845713 -0.5090727063292689314 -0.01291339525991327085 0.9999072970254361259 0.004331704126505489701 -1.652396352547417013 -0.0008650039841885518756 -0.004343234539794496064 0.9999902747600396546 87.11442361455829086
0.999936842942508064 0.01123220031726125494 -0.0003746273996132647231 -0.517069555916850665 -0.01123009423605362232 0.9999234151333513676 0.00521257514651229676 -1.677413953044597505 0.0004331458344308087519 -0.005208038727258872819 0.9999864250318057923 88.48794454290992917
0.9999564871922270726 0.00920250217973352623 -0.001526504260146729604 -0.5263632538566213048 -0.009193511389933012659 0.9999410092876104272 0.005794772433625942562 -1.702074312130581024 0.001579738983569901325 -0.005780486244814431358 0.9999821258062286944 89.86149419297461804
0.9999716164371348359 0.007210878300562605613 -0.002182221237842766996 -0.5372252022734457233 -0.007198153147090547745 0.9999574302439505624 0.005783285475362911349 -1.72634707999175574 0.002223829236811444669 -0.005767413252656263846 0.9999809763466158685 91.233542259721915
0.9999807219902078215 0.005717439872342066146 -0.002420549796571646022 -0.5502011757033971051 -0.005704127629857161028 0.9999688280025403886 0.005470653933929778799 -1.750772427570659762 0.002451750792413034431 -0.005456741233354454011 0.9999821870513829758 92.60211432672574006
0.9999837027926179456 0.005031564694301744224 -0.002696300596866634675 -0.5632674704815214817 -0.005017840798737609881 0.9999746081600965342 0.005072121201695999927 -1.775079735609381482 0.002721751136962837023 -0.005058508818627734799 0.9999835824081250157 93.96565831295838223
0.9999825996179768639 0.005085988732228817998 -0.002987592946738901536 -0.5766339135632906343 -0.005072358985912019461 0.9999768379538315211 0.004551574956237752247 -1.799073047555963312 0.003010671287860373913 -0.004536341496500974173 0.9999852593865161676 95.32206280412805199
0.9999817785963674988 0.005291187629117013839 -0.002904882226468547598 -0.5909920560125387912 -0.005279889037968508829 0.9999785835565719871 0.003882950381339666905 -1.82393048034610028 0.002925363719927911391 -0.003867542053768966131 0.9999883228778428945 96.67143267813830221
0.999978982337504485 0.005860230125459627189 -0.002772204759168841841 -0.6055343710312829364 -0.005850890780664958109 0.9999772842669270023 0.003364540006155548792 -1.84968679477301623 0.002791857060426798133 -0.00334824930378247853 0.9999905780994352567 98.01675364887687181
0.999974361399612599 0.006771930752032867193 -0.002325947502019332872 -0.6202105525139171016 -0.006763367807967570616 0.9999704577478858436 0.003669139882459681798 -1.875265574012755287 0.002350724271341958233 -0.003653314454249981334 0.9999906444145227891 99.36048248472468458
0.9999687949088742478 0.007701654427796742093 -0.001756776406199570331 -0.6333260335788885032 -0.007692832355736535857 0.9999581024903927418 0.004973498999171607239 -1.90019755030886861 0.001795005326890480087 -0.004959829102216256093 0.9999861696940983702 100.7051728771758548
0.9999638289045562622 0.008295742857148213564 -0.001874585436564824882 -0.6476358209685084688 -0.008284571829839895707 0.9999483992558979573 0.005889549393551848228 -1.923733149478630278 0.00192334523992150272 -0.00587380611608306815 0.999980980155402821 102.0519079288695679
0.999964418377570885 0.008181513045662468231 -0.002053621359253850025 -0.6628368231265036048 -0.008171547675168300967 0.999955084785821291 0.004814178682473183556 -1.946758477050113179 0.002092914722677942634 -0.004797226008771377642 0.9999863838365014024 103.3974160978393826
0.9999665458148060404 0.00794109370119224986 -0.001959290385081970901 -0.6751291056775607924 -0.007935813840173047348 0.9999649613996256514 0.002687178548747707566 -1.971304960223126956 0.001980559216106940728 -0.002671539967006601214 0.9999945508791698856 104.7380262400504876
0.9999732447266054258 0.007049998117335416585 -0.001949331150599788176 -0.6854169246706205421 -0.007046610702857653181 0.9999737224221610932 0.001738344519450223894 -1.997736705478800223 0.001961533599644052408 -0.001724561706989819008 0.9999966698953258737 106.0739066612150623
0.999985257618805301 0.005190690285169136976 -0.001591794178069226356 -0.6941662005335086372 -0.00518639017722494558 0.9999829861527964603 0.002692743114629116141 -2.024327611256343751 0.001605742659267634688 -0.002684447629123229168 0.999995188418805081 107.4057543092619085
0.9999949291639335103 0.003044304876161669539 -0.0009307941448020244082 -0.7030397976731580512 -0.003040240062050858418 0.9999860390496506657 0.004335983724240261364 -2.049487866622713206 0.0009439796138463577057 -0.00433313178222227615 0.9999902471531783021 108.7346178523289666
0.9999991587984208286 0.001225656015434678156 -0.0004155586263486731849 -0.7127823041751114586 -0.001223617788927555856 0.9999874723263026954 0.004866216422909624452 -2.073423201047716713 0.0004215161668049995352 -0.004865703728231946835 0.9999881543208767321 110.0639553674960354
0.999999571823000255 0.0008897908067681243151 0.000239047529117524443 -0.7219631893819355994 -0.0008906622862088581184 0.9999929024100036035 0.003677494098952045678 -2.097161773618912317 -0.0002357751518899578306 -0.003677705314503045865 0.9999932901903905158 111.3947060520234231
0.9999968973216953882 0.00219496393220905547 0.001174733573148723431 -0.731532028015544511 -0.002196702245846032363 0.9999965502832751651 0.001481900949523097056 -2.122081662457731444 -0.001171478262564705974 -0.001484476764643702503 0.999998292749224138 112.7257158015561771
0.999987424468098296 0.004447215453521076618 0.002316398550113610375 -0.7418742819190633497 -0.004446836111576960363 0.9999901596850133689 -0.0001681858135195580639 -2.148399981254092594 -0.002317125104478754381 0.0001578831841561489544 0.9999973837664656307 114.0559549304276032
0.9999702190259281975 0.006726767441932931038 0.003782087620134852706 -0.7516969740070654771 -0.006726216386220838436 0.9999774273238982714 -0.0001579720680120151664 -2.175202932073230233 -0.003783066190219984155 0.0001325283510751886168 0.9999929161666835098 115.3849334279621388
0.999954232946649868 0.008072141024918533941 0.005134693713148758866 -0.7597961015061125423 -0.008080305742197334273 0.9999661797282433096 0.001571672671416625292 -2.201567968720128832 -0.005121834513276917085 -0.001613090516986920688 0.9999856630412674585 116.7151168611656686
0.9999461160096577705 0.008365652709392035896 0.006146011741796266609 -0.7655407458944912813 -0.008387202625339203882 0.9999588002732243686 0.003489223993229839584 -2.22649385209563011 -0.006116570052792443153 -0.003540583715284205922 0.9999751063780383253 118.0486818013848307
0.9999417388967598574 0.008096470889208895461 0.007138522152280194974 -0.7688055429203515256 -0.008125229007626686914 0.9999590142757472933 0.004009054617718514103 -2.249512430616642078 -0.007105771481930754294 -0.004066823065155495374 0.9999665646910895767 119.3850499142208719
0.9999308903376227242 0.0084501523260336487 0.008173249185072645195 -0.7702033110783529368 -0.008479346057295906319 0.9999578304292373598 0.003544030089931132516 -2.272023756248133797 -0.008142957966026031016 -0.003613088862997090867 0.9999603988974311575 120.7224204652358281
0.9999072824716139785 0.009942156921555150503 0.009304434861537189128 -0.7693956394688634681 -0.009971923415546334046 0.9999453520479546498 0.00315844144439866208 -2.294789500142703886 -0.009272525641044382719 -0.003250931605622553715 0.9999518054640312847 122.0599089979719025
0.9998756458061677233 0.01164257353375086276 0.01063653809651652141 -0.7664629435415851733 -0.01167113637408961034 0.9999284991885448726 0.002627388869398274325 -2.317938791011463717 -0.01060518889388985773 -0.002751202522008533522 0.9999400593995515507 123.3968997522778182
0.9998472421845200353 0.01296743058783700504 0.01171881316890647888 -0.7624167119672526916 -0.01298853329234220255 0.9999142158227560806 0.001726580437061990244 -2.342322599240420633 -0.01169541938756415815 -0.001878526774797402606 0.9999299224651079232 124.7324832393908878
0.9998266011054048885 0.01364627627458408349 0.01267041478256707328 -0.7573682239769224944 -0.01366093858469937666 0.999906171952888112 0.001071506716671726152 -2.367857844243561161 -0.01265460462592251333 -0.001244410567107779838 0.9999192337195451641 126.0674223202173323
0.9998168730654999337 0.01335126457513145619 0.0137097269269937632 -0.7503073151378690797 -0.01336609920672184385 0.9999102395580413694 0.0009911100310626527916 -2.394304711830079757 -0.01369526446028010089 -0.001174173993011947336 0.999905606837098615 127.4022227645693448
0.9998122026069391488 0.01272935757027591694 0.01461217018333505098 -0.739647677941905779 -0.01275625589439864302 0.999917166728813589 0.001749199496284844493 -2.420512013734775536 -0.01458869426632607852 -0.001935267476997591662 0.9998917872829879983 128.7385930353274546
0.9998141858685226646 0.01183141144627173139 0.01521854067640235342 -0.7264739193844966803 -0.01187268490537458747 0.9999261335378935023 0.002624672636827530582 -2.445403415619330723 -0.01518636356161190415 -0.0028048697705714957 0.9998808272004980902 130.0773437932084846
0.9998253013763832575 0.01040586441361835562 0.01552666256635490231 -0.7141636833610989221 -0.0104534687086762345 0.9999409575116591231 0.00298807169077366843 -2.469627673799553058 -0.01549465295290067615 -0.003149857057339133706 0.999875070029146551 131.4159544503574466
0.9998411460351266378 0.008582300077950811776 0.01562111879620622229 -0.7038966293726492962 -0.008636067480263810367 0.9999570642718783597 0.003377876012041486006 -2.493126767009497424 -0.01559145872901842624 -0.00351224435641262411 0.9998723578984930471 132.7536349795810793
0.9998590451905521315 0.00646792201003003938 0.01549349094847971356 -0.6935784753242582035 -0.006527531127521477364 0.9999715363347178032 0.003799994537684941824 -2.515917811721268382 -0.01546847246881105815 -0.003900593051679633605 0.9998728285479965283 134.0917489242004024
0.9998759611010605841 0.004891922789158161498 0.01497077237961137383 -0.6817164305508167654 -0.004947624278870336838 0.9999810280119055816 0.003686018810918402847 -2.539753771777561564 -0.01495245725635777415 -0.003759631253007747389 0.9998812183107816942 135.4308449116286681
0.9998971359040248474 0.003670765586454916192 0.01386490567059699489 -0.6696242995952521593 -0.003723548396024131159 0.9999859724008598461 0.003783159523064396831 -2.563688692562922089 -0.01385082477622522068 -0.003834396912403199766 0.999896801470091745 136.7703227981332361
0.9999182825480826819 0.002016006554748668318 0.0126236467709064798 -0.6582600368423683346 -0.002072024827987671049 0.9999881187600577759 0.004426190512417083577 -2.58564255818994404 -0.01261457432189613641 -0.004451985218324966062 0.9999106029439681631 138.1094222639078453
0.999933520251589214 0.0004891730993921403247 0.01151990875738435373 -0.6475481613068027054 -0.0005433946494036622421 0.9999888483673604611 0.004704250909430445111 -2.606703441999869586 -0.0115174799303603137 -0.004710197921086687993 0.9999226586239297054 139.4481335869789689
0.9999463437263308441 -0.0001911431984669952891 0.01035691276222204006 -0.6392985375099871082 0.0001435030704977370813 0.9999894682035287419 0.004600543819331497086 -2.628514341043847846 -0.01035768395044535384 -0.004598810612921461899 0.999935863374482814 140.7860330728921099
0.9999582772083144278 -0.0001687194705145573918 0.009132791772413067014 -0.634551208437704406 0.0001297568477309099066 0.9999909496521329766 0.004266836228589467213 -2.651177506855038501 -0.009133429992777971143 -0.004265473050182040475 0.9999492725807643811 142.1241934719269295
0.9999676847507265043 -0.0003775437942203468651 0.008029908090996970907 -0.6319566931696642964 0.0003515663160476704442 0.9999947619120743703 0.003236458560932714557 -2.674436732328666189 -0.008031088977903383733 -0.003233530812025502046 0.9999626030142693134 143.4646376724141419
0.9999710114574876796 -0.00275492512002106435 0.007097826294979970793 -0.628098284400379514 0.002742485792971213667 0.9999947482481467143 0.001761920923376639626 -2.700012550246200682 -0.007102644077918559597 -0.001742404035189929227 0.9999733386516506117 144.8090930928077569
0.9999484251967132309 -0.008126797131811951819 0.006090534976058861218 -0.6201441128062151753 0.008118150061405133774 0.9999660665998949538 0.00144340248918931372 -2.726911296872118751 -0.006102059701891351419 -0.001393884037978203663 0.9999804915562993113 146.1574386648281347
0.9998707114564935328 -0.01535716016114003699 0.004765553967941837422 -0.6102934183697645842 0.01534154838968654691 0.999876940968175365 0.003295745241763357695 -2.751176935683723457 -0.004815582049686560097 -0.003222208032001142898 0.999983294401577183 147.5073494660348103
0.9997605774639486409 -0.02162662992702863232 0.003327030860687883295 -0.6029915953440561083 0.02161290406515933502 0.9997580346919860972 0.004108109736697209725 -2.774024775305415691 -0.003415071727956416493 -0.004035219230084807589 0.9999861078168881257 148.8556540406598288
0.9996954548438501398 -0.02455251133230103647 0.002482793607673944216 -0.6007443316240983489 0.02454822350744034418 0.9996971874337928776 0.001743638146455375 -2.799102064714697136 -0.002524853858458816699 -0.001682158811987120991 0.9999954784849213185 150.199916667238341
0.9997065548974310989 -0.02408163778596002572 0.002621321815070989242 -0.6031852342790381405 0.0240853472468983143 0.9997089975890125491 -0.001392229269498264886 -2.826805473214529574 -0.002587033213348676267 0.001454956329640070102 0.9999956759392948369 151.5421351324340549
0.9997465084485567255 -0.0222617579859570279 0.003365335707964828803 -0.6081703604234156568 0.0222734347940671297 0.9997459466692101282 -0.003472511801571517235 -2.85721371786679823 -0.003287177841814791987 0.003546589297325136465 0.9999883887841076735 152.8855336080887071
0.9997420359314728167 -0.02231406173144958108 0.004235179814667085901 -0.6110886764989656994 0.02232719388148164674 0.9997460374997594323 -0.003078804001947706408 -2.888706888974343912 -0.00416540488785382447 0.003172569622618035771 0.9999863727780199385 154.2319215828949552
0.9996573335406614413 -0.02570175578206820854 0.004962636395804167523 -0.6059898626672471922 0.02570376655118316797 0.9996696063613585981 -0.000341488883199613793 -2.917947914568752132 -0.004952221134897603211 0.0004689304662730176443 0.9999877084985221432 155.5786652608324516
0.9995234957904638451 -0.03042528917991253051 0.005203427944012599914 -0.5935750273855643355 0.0304133711135933793 0.9995346938136934201 0.002354744869436910248 -2.944421934369792382 -0.00527265175904565158 -0.00219536889262933509 0.9999837703866575334 156.9222974913623716
0.9994016004036228029 -0.03420745650091617379 0.005126749593849448672 -0.5812918610645763096 0.03418901924569945489 0.9994088092623475417 0.003642118275843349642 -2.969450080102851164 -0.005248307520283545212 -0.003464660149206979286 0.9999803062739621717 158.2633494820678095
0.9993542060370932401 -0.03551511902025000084 0.00546257553717352691 -0.5754984819464658008 0.03549357542150753664 0.9993619932882459311 0.003991812213200785116 -2.993411353434007882 -0.005600861252608372101 -0.003795347844676406207 0.9999771933527489276 159.6039894930638354
0.9994110605507946499 -0.03372889244981043533 0.0063155674190116598 -0.5766894891316826088 0.03370254809756018793 0.9994230063119952101 0.004232588004998807593 -3.015058032558679102 -0.00645468501972125408 -0.004017244411665046346 0.9999711797480405062 160.9473675805377297
0.9995127182198723093 -0.03031579428814621183 0.007434463891053093819 -0.5806744569482745755 0.03029055672176658373 0.999535123783445445 0.003484336427351708045 -3.036565843626092054 -0.007536639283236997583 -0.003257444383567495005 0.9999663742661768495 162.2960488203817704
0.9996069135849838805 -0.02677014333356611195 0.008328880562161064538 -0.5842564499185549654 0.02675648702773627749 0.9996405156774093026 0.001746977038880335184 -3.060895645887387051 -0.008372654305026499058 -0.001523438598182207766 0.9999638690142269581 163.6496553779225849
0.9996678913237190267 -0.02409838890614196538 0.009130564956575597246 -0.5848473998805698848 0.02408821885004922697 0.9997091505100956788 0.001222380476491256732 -3.086543872481563699 -0.009157367707536081397 -0.001002035324119840854 0.9999576491437943693 165.0072362656053144
0.9997026373205719629 -0.02234937443063737469 0.009753712235928876581 -0.5823924746986498535 0.02233170193777988047 0.9997488391982762845 0.001917218771831900523 -3.11104808408185729 -0.009794112058777370775 -0.001698831530232608727 0.9999506742232605605 166.3688221909276876
0.9997370474333729939 -0.02084765813045706337 0.009550059865112026786 -0.5811352229991517682 0.02083333466942285939 0.9997817480497226406 0.001597044912904383102 -3.134728083524082276 -0.009581271138000509169 -0.001397665234561244968 0.9999532025622449583 167.7335230587631827
0.9997880186615634157 -0.01851286779258436155 0.009010214673097011184 -0.5827823028586069931 0.01851874991120805794 0.9998284120410659837 -0.0005696475188858687909 -3.160958421986836075 -0.008998123799330749392 0.0007363848210968259233 0.9999593256953062115 169.1009695188458579
0.999854497049186941 -0.01477832924698019648 0.008519284876588015948 -0.5869966003517254061 0.01480578321104605855 0.9998854296353607563 -0.003168360683371429162 -3.190886898521045012 -0.008471486751820404837 0.00329403451435904401 0.999958771544324776 170.4712401697963458
0.9999146905478316638 -0.01015176768432259936 0.0082186214923552596 -0.5918963481405279392 0.01018720806972383056 0.9999390031696476777 -0.00428168831312462396 -3.222515913880945604 -0.008174654505210874819 0.00436504800435998444 0.9999571405411216141 171.8439853694587498
0.9999469576421358141 -0.005683505752647221611 0.008589072532168746249 -0.5947391325198820855 0.005713820953754041553 0.9999775807073666423 -0.003508910515379297466 -3.254669956553216892 -0.008568938062816590373 0.003557800962870687114 0.9999570375233087782 173.2184701281878176
0.9999543288166938826 -0.002716374824201307162 0.009162646677412225257 -0.5942095735475398932 0.002730395466739242352 0.9999951815737212479 -0.001517856058545399801 -3.285789829756764924 -0.009158480432419891654 0.001542804520695605173 0.999956950838366887 174.5921533495717028
0.9999556268981678597 -0.002090453049347496071 0.009185137295168063071 -0.5909744896371474931 0.002086206968098818296 0.9999977735285330294 0.0004720115621145221834 -3.314619264346779115 -0.009186104533243154985 -0.0004528283925568143205 0.9999577850936197665 175.9654661054197788
0.9999569382123423278 -0.003790676626264955027 0.008470241791750843588 -0.586140593805044019 0.0037778605738744888 0.9999917563745489568 0.001528748235631924475 -3.340791889311157448 -0.008475967971064892609 -0.001496682886997644435 0.9999630390401844648 177.3410446716821127
0.9999577507397183762 -0.006047997171618305773 0.006921774930886337961 -0.5819122547528747802 0.006040887745176876794 0.9999812657884874501 0.001047792057686043089 -3.365245300219715574 -0.006927983408875426109 -0.001005933993581362455 0.9999755760425377282 178.7191560736250437
0.9999657794159271251 -0.00666528855144725603 0.004899635560240844442 -0.5828109766564457672 0.006676695257521752906 0.9999750918224092899 -0.002315080186044319883 -3.392615384579840132 -0.004884084072407111898 0.002347714481151957563 0.9999853976422116153 180.1014636534781914
0.9999824992668276957 -0.004763503181386313616 0.003507520967993458041 -0.5904342145604095649 0.004784555935466981019 0.9999705065956152605 -0.006017979970781112305 -3.424080731748923245 -0.003478752166079331597 0.006034656740463047869 0.9999758210768248112 181.4884081751089298
0.9999958008947277266 -0.0009785910475994114011 0.002726364583521259741 -0.6022212149259874581 0.0009986084692317227091 0.9999725515186363989 -0.00734990512514087195 -3.457701783884821634 -0.002719098556724496886 0.007352596994007817334 0.9999693532086006975 182.8791999412121356
0.9999931775474946161 0.002749105235628542671 0.002465724440726560582 -0.6138384333743374111 -0.002733926314089398391 0.9999774879447312914 -0.006137699803624680622 -3.49213572492124591 -0.002482543489687672605 0.006130916974424682579 0.9999782049478520563 184.2740460272887901
0.9999847607586270781 0.004792855204827922364 0.002738487114167353041 -0.621554208465478486 -0.004783871358269235763 0.9999832482383853582 -0.003277181896575292411 -3.524463649472254989 -0.002754149658706692497 0.003264031526124354723 0.9999909611062278714 185.6726359523953249
0.999981694278779587 0.00521095589870458533 0.003074015085101128222 -0.6262478143771584849 -0.00520781257000121206 0.9999859707333162984 -0.001029139298181249752 -3.554228656881202042 -0.003079336101138792879 0.001013111697022344273 0.9999948264018178046 187.074352966972242
0.9999837081018498885 0.004673918226100890611 0.003275750395173373641 -0.6310443989160728906 -0.00467390582421495053 0.999989138235418018 -1.094440039880889672e-05 -3.583095553229942443 -0.003275767299494828418 -4.366197933831678603e-06 0.9999947154191142218 188.477838444086558
0.9999893194037082766 0.00320185723587338095 0.003331922404334142305 -0.635794877099177369 -0.003203874309803654303 0.9999947482109425856 0.0006007057716687991614 -3.611305962017064886 -0.003329982860265909284 -0.000611374288731398631 0.9999943494701434288 189.8838480499397576
0.9999938261557330677 0.0009657444394233944155 0.003377499365905201056 -0.6384111972324031381 -0.0009693013178920819022 0.999999037811348912 0.001052113648838598004 -3.638773611179522582 -0.003376481369189061887 -0.001055380840191225697 0.9999938235216278004 191.293510734027052
0.9999925254949317832 -0.001717814986219807008 0.003462741037574090623 -0.637284304006732194 0.001712942509570322853 0.9999975998344949879 0.00141006003530610405 -3.665268189191161596 -0.003465156269350918791 -0.001404117891156865614 0.9999930913169141622 192.7071613284549585
0.9999797221508424094 -0.005150528505562277509 0.003744308810627173471 -0.6341530788974153454 0.005141849299341392371 0.9999841403289970732 0.00232434863740175893 -3.689954020315419303 -0.003756222354421542928 -0.002305048705631698551 0.9999903694940051047 194.1237313040983281
0.9999490237640153989 -0.009232660899898846585 0.004086605950352718494 -0.6325405772096966972 0.009218601807009138213 0.9999516302599718021 0.003446250798588846188 -3.713187607507896892 -0.004118227629163784785 -0.003408402202652121692 0.9999857921652368642 195.5423839336075673
0.9999216751506697642 -0.01171761797356695584 0.004396986931195636522 -0.6333723393799575163 0.01170449692401501554 0.9999270654914159673 0.002998428497022303119 -3.73624083886896674 -0.004431801940932606973 -0.002946728996133466533 0.99998591862929187 196.9642179551659638
0.999942197429245061 -0.00969500772247874204 0.004647701270099546637 -0.6377031899252122438 0.00969854753607200977 0.9999527557190522886 -0.0007393432532112787121 -3.762141099484400897 -0.004640315000800683196 0.0007843766106342601021 0.9999890068235302021 198.3889348178514638
0.9999816585956797788 -0.003012603402059774345 0.005253494017585133916 -0.6465229782922828905 0.003038767246902903448 0.9999830480745022232 -0.00497911384734955019 -3.792440794179131824 -0.005238406072509959113 0.004994986820777286285 0.999973885032420684 199.8172125211288517
0.9999648564945727847 0.005402516765810702615 0.0064102347207880871 -0.6578329449829966036 -0.005368628935667522049 0.9999716482576579413 -0.00529174892396083469 -3.824202484452913442 -0.006438642875879715607 0.005257148927123098461 0.9999655333070492924 201.2480964745248571
0.9999010868883069225 0.01180606585364176418 0.007643676247670255254 -0.6672480628188847129 -0.01178784542075094963 0.9999276434129069635 -0.002424195511020639082 -3.854766838089529024 -0.007671744450798351211 0.002333853380774031112 0.9999679289881957533 202.6813435073414382
0.9998684296679374306 0.01387307906015692455 0.00840556811725366726 -0.6695518177807407989 -0.01387231377039257335 0.9999038247465403817 -0.0001491512636082100579 -3.883600221780682205 -0.00840682991559469836 3.252707912093745149e-05 0.9999647422245315775 204.119352898723605
0.9998944685498951657 0.01212293999402397869 0.008004912747440889875 -0.6655575155571473722 -0.01212689359218911862 0.9999264282172758422 0.0004457449095503649089 -3.910868513864461882 -0.007998921116939792034 -0.0005427724772907329374 0.999967941585270137 205.5622865072753029
0.9999343008234591323 0.009151682280558817023 0.006901686632200291008 -0.660465524856674091 -0.009154552491752910789 0.9999580832823173893 0.0003846297345537544581 -3.938422776017734606 -0.006897878438000023919 -0.00044778619646818822 0.9999761898663233062 207.0101095575593888
0.999953847498769921 0.007509169560293986988 0.005992309330108861604 -0.6581765671958749175 -0.007508726048295064417 0.9999718655387721533 -9.62362899873903067e-05 -3.967559797177304226 -0.005992864560069202477 5.123736393285714831e-05 0.9999821220840678926 208.4610100054436259
0.9999554983233016614 0.007803780131021051392 0.005300463755247578068 -0.6613023661617261073 -0.00780103182721649923 0.9999694874497632169 -0.0005386728576609576841 -3.997018410346997008 -0.005304506916549894639 0.0004972999260130504025 0.999985888119162003 209.9128091640692162
0.9999465199833065254 0.009020205369984509933 0.005058220950061612271 -0.6675099378613399415 -0.00901864247323533319 0.9999593373560291543 -0.0003313845316114572177 -4.026196638546653439 -0.005061005648496671658 0.0002857486479877528133 0.9999872329723347164 211.3663772303226267
0.9999379040618234793 0.009955737816573573609 0.005006379780365931634 -0.6731595386766930922 -0.009956786918315307933 0.999950473904030579 0.0001849974057429819687 -4.055602920453226012 -0.005004291274736662361 -0.0002348332523535508903 0.9999875316523738622 212.8227878384017799
0.9999385113789056589 0.0100548432051586565 0.004676122700794878295 -0.6757831393877008486 -0.01005474046901785358 0.9999495098491902878 -4.513109017180610326e-05 -4.085688757131842763 -0.004676341635016641358 -1.888761464579933386e-06 0.9999891466226862313 214.2842967991894909
0.9999456236138116738 0.009474034116512037099 0.00435718094225487091 -0.6761900787505392696 -0.009470354579562311609 0.9999548430030860136 -0.0008639622353072754207 -4.115631464638564552 -0.004365170657362836722 0.0008226513350261103509 0.999990214985921666 215.7511141298953135
0.9999531000137966696 0.008839931815265988924 0.0039554910524505155 -0.6786294760695453787 -0.008835081972376554113 0.9999602602692583275 -0.00124149202941135732 -4.144617309803252603 -0.003966309855816523879 0.001206486845363092131 0.999991487120265754 217.2227250499263391
0.9999554761641323841 0.008722396309933395236 0.003599725424883081209 -0.6840154810935253904 -0.008717699926147256737 0.9999611928034911612 -0.001317834972529912437 -4.173909660282901335 -0.003611081718777680964 0.001286395101669630687 0.9999927333803654284 218.6989727606048746
0.9999553280963242585 0.008845195522046435735 0.003331194935945380221 -0.6908662696745497822 -0.00884011743251256199 0.9999598074140074733 -0.001535569587981323435 -4.204554011304149519 -0.003344644786192532866 0.001506052967963298185 0.9999933533241854855 220.1782569178367055
0.9999532907813809546 0.009219507091059321591 0.0028999099498525833 -0.697771222651759615 -0.009214346349835075833 0.9999560105590716841 -0.00178741732711047859 -4.235970894996118119 -0.002916262843472630477 0.001760613195819884244 0.9999942785779469823 221.659561420667643
0.9999471516620339617 0.009962660222517417605 0.002536103316364517971 -0.7051559079573600508 -0.0099575100640784623 0.9999484137283461971 -0.00203469061659364292 -4.267989364162890098 -0.002556244793661456918 0.002009329945171578393 0.9999947948573445489 223.1420989967224671
0.9999438186319781208 0.0104048732952950352 0.002022555080207800136 -0.7124625663797756747 -0.01040039784596923263 0.999943533177312438 -0.002210038601017099043 -4.30037012702699073 -0.002045437449780538545 0.002188879194165768878 0.999995593254788151 224.6275667741079474
0.9999471325159517976 0.0101441742520269277 0.001679416315968148546 -0.7194615198214806551 -0.01014042851290842574 0.9999461743318077689 -0.002223114622545086655 -4.332718782381690836 -0.001701879008534688039 0.002205967225156282158 0.999996199418532794 226.1167147728861551
0.9999540228917016549 0.009438327912426044269 0.001691923211006746705 -0.7260361742843939314 -0.009434528794278519009 0.999953049147428108 -0.002238584174176494034 -4.364787083673100199 -0.001712973690690223995 0.002222518887074828239 0.9999961438255720036 227.6080864098512109
0.9999629690443546659 0.008416458665225787575 0.001793403411629421358 -0.7305458509528222066 -0.008412299035623767643 0.9999620006521954263 -0.00231356248081269816 -4.396712648624897746 -0.001812808685664091648 0.002298390297355838718 0.9999957963221239865 229.1012793124226619
0.9999742652115334307 0.006935357239837991114 0.00183364744105324177 -0.7349063750343819423 -0.006931584862828124236 0.9999739260938913521 -0.002054838757503140313 -4.429098148073183694 -0.001847852088739019476 0.002042075929726299387 0.9999962884450094291 230.595837970549411
0.9999819852158137179 0.00570478786204584986 0.001864715680393764846 -0.7400109762295081772 -0.005702060261331836494 0.999982732607552105 -0.001463932110979079262 -4.461522859504482241 -0.001873036319802415901 0.001453273152007403561 0.9999972706299368186 232.0923134949316875
0.9999830485659929602 0.00544352434524354202 0.002064739158261131094 -0.7464542338069877214 -0.005441057943747486421 0.9999845413845646069 -0.001197490170858401268 -4.493694708751185374 -0.002071227211298891282 0.001186235639952867718 0.9999972321953167764 233.5918621933838608
0.9999806376267877939 0.005886815947655041348 0.002015513595225541191 -0.755711206830590787 -0.005883835706210369283 0.9999816550375101309 -0.001480596875085733949 -4.526245749191684098 -0.002024194028818338768 0.001468709390783038424 0.9999969535286966638 235.0949732294697299
0.9999753492296580282 0.006738453617913509573 0.001971472426798447 -0.765847072274152052 -0.006734813997928881975 0.9999756777172926769 -0.001846172642250564454 -4.559518198799045408 -0.001983866233845984605 0.001832849767743622259 0.9999964332295824265 236.6004836144711305
0.9999672995388768637 0.007694912085255048613 0.002486103467409589689 -0.7734384525642484798 -0.007692151065757907302 0.9999698514983988984 -0.001117588041700577324 -4.591917749562458795 -0.002494629635351015232 0.001098428143890905952 0.9999963659006566585 238.1078491749867396
0.999962958629069365 0.008035139172895016182 0.003083899813906039108 -0.7777365251115347933 -0.008036700660464966492 0.9999676438294390346 0.0004948057991460962654 -4.621954418097920403 -0.003079825541370963694 -0.0005195717260522307373 0.999995203116599285 239.616873859058046
0.9999601909575849268 0.008114276909890751413 0.003710463543081668827 -0.7804853119460214428 -0.008117415973657960901 0.9999667680241351997 0.0008321665719843964392 -4.651245892786538327 -0.003703589113354996149 -0.0008622526976350051954 0.9999928507168747149 241.1269956732728872
0.9999561205181435319 0.008280002995317328404 0.004380766826088734224 -0.7834306622038430534 -0.008278572870376135415 0.9999657338679260876 -0.0003441170136503882322 -4.681217291822862947 -0.004383467267909005143 0.0003078355429033881622 0.9999904259489819092 242.6407347238775571
0.9999539535516486222 0.008299645332670751649 0.004816554036558342959 -0.7881566924057147316 -0.008293104853915860691 0.9999647259889178352 -0.001375966911981609973 -4.711321349280923165 -0.004827805410618651177 0.00133595949572982097 0.9999875344449106196 244.1596460425511737
0.9999518154210850218 0.008394448211865763315 0.005088477608373704816 -0.7941931644124580192 -0.008388111558715768273 0.999964080030814273 -0.001265040517683353261 -4.741719113655266327 -0.005098915366951542807 0.001222296973474296718 0.9999863342018410206 245.6822918225557828
0.9999511193873497072 0.008550316689364515638 0.004964216965831923581 -0.8002906852797257997 -0.008548990838496596176 0.9999634763113367519 -0.0002879124371918146286 -4.773235127725251381 -0.00496649862515014754 0.000245459443906317909 0.999987717514134733 247.2073456707101684
0.9999491383999320471 0.008887290494485392683 0.004767516287831535804 -0.8045952433894966171 -0.008888759382659941477 0.9999605139622137484 0.0002873443801832306871 -4.80584326433176745 -0.004764775565647683814 -0.0003297069473578206943 0.9999886748083609556 248.7335124311470906
0.9999426825305879341 0.009622399300926943316 0.004693998083908949674 -0.8064116084477365165 -0.009624345105524664823 0.9999536689489378904 0.0003924646685405827856 -4.837965713103379528 -0.004690005400112924258 -0.0004376187086834362858 0.9999889868778488733 250.2597170361285919
0.9999308292729458536 0.01076417415926349958 0.004739383958756170599 -0.8073017784481623105 -0.01076694560980398681 0.999941939006638969 0.0005599876846319472344 -4.868490631745182817 -0.004733082223851093479 -0.0006109775184835322193 0.9999886930245331929 251.7856304685826672
0.9999150494886692719 0.01205969759632426197 0.004944698166366529903 -0.8085112303023656022 -0.01206320998408156632 0.9999270656748064923 0.0006814544558449725118 -4.897739903113385473 -0.004936120624662884357 -0.0007410453791731018425 0.9999876234748257264 253.3150254090778049
0.9999114906422923443 0.01224999637432865052 0.005190473078764250466 -0.8099716319456657931 -0.01225458211484668596 0.9999246070686644838 0.0008529240943959768423 -4.92674252150088865 -0.005179634653187197707 -0.0009164555631351068441 0.9999862464214708258 254.851798728952474
0.9999264825430076442 0.01095939369957014096 0.005187844958085704138 -0.8105274694867118379 -0.01096548448584492783 0.9999392800364386158 0.001147378766716878684 -4.955891187036842283 -0.005174956593613170425 -0.001204181529778608484 0.9999859655560612293 256.3936285398138466
0.9999479144128499142 0.008870713843483039179 0.00504692259813700056 -0.8110112176832250386 -0.008880347314281094445 0.9999588440405665635 0.001889907588301398614 -4.984526448475855354 -0.005029951284023300925 -0.001934627459937516853 0.999985559067943286 257.9365514694764556
0.9999645991523128385 0.006807312804276387935 0.004945043939737650204 -0.8119049528881054911 -0.006819240133368498387 0.9999739309805522058 0.002399463049927091224 -5.012914413034705419 -0.004928582364450311872 -0.002433099432240962839 0.9999849752074321252 259.4761967927572641
0.9999753670016149343 0.005298478761206032797 0.004602611697418827058 -0.8128879241191681038 -0.005306545561769133133 0.9999844629411184238 0.001742570998200450826 -5.041984329286524513 -0.004593308463485453082 -0.001766951921450553558 0.9999879703955146804 261.0104169684037174
0.9999830567021542604 0.003862626395891262127 0.004354187016945309553 -0.8144750236870832438 -0.003868896538158395158 0.9999915502387749511 0.001432898069033986151 -5.071705011080261727 -0.004348616742331968925 -0.001449719566928754947 0.9999895746371308958 262.5405772877926438
0.9999868655430385056 0.002121118850923682606 0.004664987793808861305 -0.8138527737997657274 -0.002134041396598561 0.9999939551847123465 0.002767231719624323877 -5.099514425899585923 -0.004659091216591507503 -0.00277715053132859737 0.999985370813626484 264.0696211863643157
0.99998714666390498 0.0002919919044601300721 0.005061003759323312243 -0.8105941497519626449 -0.0003120945364930622257 0.9999921237291252707 0.003972051147822447739 -5.124616550431474238 -0.005059805316225003333 -0.003973579489463074758 0.9999793850742536572 265.6013698031952117
0.9999852286238097854 -0.0009416801565131347786 0.00535240897780330481 -0.8075072039192415785 0.0009218945604964003029 0.9999927979399534372 0.003698147390675797855 -5.149855046725345886 -0.005355854108574469898 -0.003693158289600965375 0.9999789182508638241 267.1376312654876415
0.9999822452101442272 -0.001346209876163330377 0.00580426496464764817 -0.8051821157057277301 0.001329955544085381419 0.9999952464492429804 0.00280364281212010279 -5.176404097530805437 -0.005808012844183790997 -0.002795873498736339922 0.9999793055939851794 268.6795301959376161
0.9999775423708068267 -0.0006815379555890366823 0.00666654100495565026 -0.8034575582020525575 0.0006650714180793967749 0.9999967840643019246 0.002472176336753617587 -5.203359720002297628 -0.006668205573806530902 -0.002467686970709631784 0.9999748032295497913 270.2261020824134334
0.9999697015555928381 0.0007596629201979170293 0.007746702136853507968 -0.8019038630043994198 -0.0007787921996302634309 0.999996715148467552 0.002466837531171598395 -5.231215702796543354 -0.007744803785452477989 -0.002472795742083303949 0.9999670318737613472 271.7732229276534781
0.999960792934305176 0.002266544157780351829 0.008559666192819403302 -0.8011556965948618547 -0.002285850015733603083 0.9999949250469214457 0.002246526147429196013 -5.260420856202193463 -0.008554531913051029515 -0.002266004062926311579 0.9999609226106711546 273.3193218222574501
0.9999501783139583821 0.003407768938828990065 0.009381924992486160783 -0.8013092627465904227 -0.003427268025547239045 0.9999920594418052477 0.002063248536644051844 -5.289496273653643499 -0.009374820381179857498 -0.002095299996665068738 0.9999539409392039779 274.8641146107900681
0.9999388978216804391 0.004042489053225946892 0.01028841205917590401 -0.7982275699622639609 -0.004060393459891560412 0.999990338210301144 0.001720115372490430136 -5.318189495496567609 -0.0102813600122361546 -0.001761785153705346498 0.9999456741685627259 276.4055076328070299
0.9999272816023517807 0.004339630005476828763 0.01125129490117044058 -0.790495055463432128 -0.004352948054275185621 0.99998991456824049 0.001159616397794497027 -5.347700730009276704 -0.0112461499666327621 -0.001208508256512708491 0.9999361105378653525 277.9428652348394166
0.99991744273784533 0.004069789725624654853 0.01218757720953789897 -0.7800705318091490925 -0.004079620384244120844 0.9999914336076185517 0.0007819939745639544176 -5.378755082401791121 -0.01218429104304960889 -0.0008316499847647079897 0.9999255036994467716 279.4785555791418687
0.9999090298379980091 0.003440296994712280232 0.0130418143770427656 -0.7693754306747483396 -0.003454867901653508721 0.9999934934581778956 0.001095005088559993347 -5.410468797641547312 -0.01303796311341159572 -0.00113996310407097289 0.9999144331091172067 281.0158470166354618
0.9999022236974006717 0.002626733393637312435 0.01373447606418214811 -0.7593178107290554646 -0.002653244683390767501 0.9999947123073223976 0.001912526831493965808 -5.440536797167083272 -0.01372938043696916507 -0.001948780642685729722 0.9999039293372795623 282.5575298114458747
0.9999009444198915242 0.001466494224529091544 0.0139979733175935768 -0.7476051756155951411 -0.001493656982320307886 0.9999970824452453222 0.001930336978641314198 -5.470096258090038077 -0.01399510232797508344 -0.001951053823310303732 0.9999002410425253951 284.1024604277529875
0.9999010905834119223 0.0008185618278052359106 0.01404035325849764537 -0.73382388306674462 -0.0008182421998786039603 0.9999997258926659471 -2.839344538674868227e-05 -5.501686729597647485 -0.01404037332558003004 1.690235055941139634e-05 0.9999015097341034108 285.6482335846692422
0.9999042101337312083 0.0004394426540972574892 0.01383365313862192081 -0.7187935333905598467 -0.000413501615210179333 0.9999982123100636944 -0.001877899223355641639 -5.533470423407100824 -0.01383445432225293217 0.00187199923221133724 0.9999026277743948699 287.1951282246679966
0.9999134527204887046 -0.0005175061494296816699 0.01314578891026683266 -0.7033033484821784587 0.0005457254551576964149 0.9999976158744133814 -0.002143021969060250609 -5.564586344049481603 -0.01314464926874238035 0.002150010620798388766 0.9999113746668355507 288.743373817785141
0.999924818389933745 -0.001393176058925342129 0.01218232886269005923 -0.6902538054229361286 0.001420693030773600681 0.9999965200201212934 -0.00225026536509574963 -5.59701035922599921 -0.01217915223814569105 0.002267403670955465533 0.9999233413967973938 290.2955970392033578
0.9999340495976437593 -0.001670217615044109274 0.01136218886460173098 -0.6819279246964128349 0.001701326991389616634 0.9999948908423617056 -0.002728716049612048798 -5.630962576212547255 -0.01135757409908943506 0.002747867025685312142 0.9999318058130584053 291.8537369408375639
0.9999412038215768073 -0.001409119067865598034 0.01075154830221250468 -0.6769414708264659408 0.001441724075001595993 0.999994445574412083 -0.003025287966016180011 -5.665568675875767291 -0.01074722646494813243 0.003040610995466549484 0.9999377047333829482 293.416861839514354
0.999948909475173342 -0.001277322502204642028 0.01002693344209280336 -0.6750815428785764682 0.00130605017082524805 0.9999951216135793963 -0.002858862896511031853 -5.700615265702656309 -0.01002323375366087101 0.002871812652487929635 0.9999457230353828718 294.9842240398181161
0.9999582266076373349 -0.001570139258141053148 0.009004010747030007089 -0.6747209543037113733 0.001591547823965934558 0.9999959841511275593 -0.002370816870968674335 -5.734978892694940988 -0.009000253055225219956 0.002385048285500563584 0.99995673332861712 296.5542613254773414
0.9999660370994187808 -0.00164836946164085619 0.008074653731647675817 -0.6724922217040386618 0.001657929347968183174 0.9999979938083111142 -0.001177185326566023219 -5.766620727811587521 -0.008072698133200667189 0.001190532685563948281 0.9999667873065867241 298.1261508109072906
0.9999702993312571397 -0.001093886116632864468 0.007628654960055102595 -0.6679334786257842271 0.001094524504931355556 0.9999994589215336349 -7.929509942322500254e-05 -5.796315266346485195 -0.007628565157804269997 8.764262413945539507e-05 0.9999709790047348612 299.7016553532409375
0.9999656924479303211 -0.0003222516745290685209 0.008276629146793052297 -0.6607221260697224707 0.0003226522971203162385 1.000000007906139521 -4.687215928423915385e-05 -5.826470719138405308 -0.008276615133363807164 4.954115340108091955e-05 0.9999658277796342754 301.2831426367812355
0.9999557579904400084 -7.542393291308972867e-05 0.009405789833565056726 -0.6514597748703159219 7.694857323057240723e-05 1.000000045045157382 -0.0001615610574008598428 -5.857479429862308962 -0.009405779028413023199 0.0001622777998154074312 0.9999558322877263317 302.8704679887522389
0.9999518293789497747 -0.0007234562908515113121 0.009788158207660883209 -0.6435251791160349066 0.0007270422983824659886 0.9999997310072310519 -0.0003626421604368432693 -5.888420332474955998 -0.009787894152148594179 0.0003697412258327817652 0.9999521098327335267 304.4644392163862108
0.9999489824046956521 -0.002449798782509665564 0.009799162193527347076 -0.6375565153480258207 0.002464759792436649246 0.9999958762004286239 -0.00151481287237431486 -5.92001485729361665 -0.009795411728668953696 0.001538888305982135437 0.9999509204312904131 306.0633293824348584
0.999940603582735954 -0.0039759218264256279 0.01014760347980945936 -0.631379070044158941 0.004007756982932249822 0.9999871669485779213 -0.003118644042784398263 -5.953868697432919355 -0.01013507467965327723 0.003159128076905022044 0.9999437292720815273 307.6641473293628906
0.9999413072796107249 -0.004194452308079427844 0.009989047485651629185 -0.6249741940622339786 0.004237951213639649592 0.9999816746115649524 -0.004337318224327322072 -5.989700981543670366 -0.009970672676546672719 0.004379396897800210721 0.9999407823009857088 309.2675906070125507
0.9999614957918562252 -0.003618412578240037987 0.007994155908499259514 -0.6209500596797125072 0.003658853992944531824 0.9999806167802082202 -0.005049848467046508249 -6.02727788707978096 -0.00797572956061511594 0.005078903626260497517 0.999955376012044872 310.8740192589445996
0.9999779842635664329 -0.002544999886374544554 0.006127517463497612546 -0.621037870027972394 0.002571616355629201527 0.9999873385653845759 -0.004339540882235216543 -6.064837867071782185 -0.006116396903304144664 0.004355203116524730168 0.9999718913217615635 312.4861365444785974
0.9999807150520263477 -0.001882096057138162894 0.005917748387631549707 -0.6233800701850398251 0.001891090773692771744 0.9999971261583395776 -0.001514452610659426353 -6.098763665686673718 -0.005914882204354651035 0.001525614541315866053 0.9999814239312330155 314.1043326162689482
0.9999774379523236334 -0.002590070965443449884 0.006197388572656050906 -0.6252480699923336216 0.002581928215391286665 0.9999958542920289739 0.001321802819982501129 -6.128644434069872027 -0.006200787596678488875 -0.001305771657852633754 0.9999800031661222333 315.7256156100354474
0.9999727801576092645 -0.003768748334780726295 0.006342553489605468921 -0.6247242327749406021 0.003755554379127817172 0.9999908225524640759 0.002091109987034015568 -6.157740172807820933 -0.006350377293316276581 -0.002067233137751896179 0.9999777801500746577 317.3476726736744808
0.9999683376470941409 -0.004587694504856476736 0.006501481861405346285 -0.6205654545717612658 0.004578886916331405613 0.9999886405478367601 0.00136919300100346651 -6.187985978932857734 -0.006507690581965022182 -0.001339379970612095171 0.9999780085398269902 318.9702359984469808
0.9999622585807236286 -0.005221767711317927725 0.006943130364610068314 -0.6143631773233076965 0.005214382379483115115 0.9999858811386826973 0.001081600596009576814 -6.218679305170757843 -0.006948681309994951538 -0.001045355508722485777 0.9999753919966388738 320.5959417040761537
0.9999552730792745647 -0.005779216806490605415 0.007486320626985007616 -0.609112915308498204 0.005768884940713345059 0.9999824392417402397 0.001401176434081092756 -6.250425034932426627 -0.007494287938221094215 -0.001357925913120896881 0.9999710761939817338 322.2244229472365191
0.9999550242840495873 -0.005488592573309508844 0.007734162095746625193 -0.6051090292776520885 0.00547818787304895586 0.9999841226235427483 0.001366044985820655429 -6.283825852194095063 -0.007741538021107458728 -0.001323614225937071219 0.9999692386136443956 323.8543364228772816
0.9999582796848603961 -0.004292266196341840666 0.008062744222196441962 -0.6000851039188430658 0.004287368872861982948 0.9999906750691617274 0.0006247895776042940901 -6.31815369251800707 -0.00806535183976170994 -0.0005901954229817353136 0.9999673811221783115 325.4829938854226725
0.9999538217430439246 -0.003775283457255523747 0.008837087788868101465 -0.5933784788092728579 0.003773331701532461023 0.9999929137659191447 0.0002377064136640125126 -6.352767485782701229 -0.008837923567742165046 -0.0002043500432778305178 0.9999610046834264132 327.1079302150452008
0.9999440325303829979 -0.004449612131327053757 0.009598190575746423994 -0.5859538821467513703 0.004435477472177377228 0.9999891088617774981 0.0014935919366488048 -6.385294966472649492 -0.009604732890919474853 -0.001450935660772679613 0.9999529016063751774 328.7303555904299515
0.9999365955179621013 -0.005481966259937105269 0.009835928652296885635 -0.5790972279605854922 0.005460460892264352127 0.9999827059021230147 0.002212099481306849334 -6.416266455490001519 -0.009847886134748689776 -0.002158250397352424847 0.9999492600291999267 330.3511075538778528
0.9999342468962594266 -0.006340558574451849415 0.009554669161434273944 -0.5732816028440310685 0.006323831713805499327 0.9999784811798069217 0.00178001433690627665 -6.449585422704573467 -0.009565750789449401284 -0.001719475049864606191 0.9999528495666923922 331.9709650996525738
0.9999402306329328027 -0.005476005966887837091 0.009462611846463348311 -0.5677287319745580874 0.00546367352206523528 0.9999842521998115741 0.001328813177312022573 -6.482727946456732226 -0.009469740373652790061 -0.001277033006405810245 0.9999544263331221483 333.5891615679592519
0.9999495064717046633 -0.003642241584450527526 0.009365419781362184851 -0.5639106486525946593 0.003648914685694524662 0.9999931619815658479 -0.000695363209586816384 -6.514664517486360218 -0.009362824018299034656 0.000729501849003141899 0.9999559824777140005 335.2032715619387204
0.9999596819146410187 -0.002061354847144122697 0.008739443220351675659 -0.5633449623208336421 0.002085212047355167013 0.9999941839457621162 -0.002721411680992370536 -6.551039981453263827 -0.00873378359165095236 0.002739525690977306655 0.9999581879072660939 336.8143403332548473
0.9999665973918845374 -0.0007904034041686374291 0.00813460947382284999 -0.5641237337001197005 0.0008092305079159958043 0.9999970627722927219 -0.002311213342472277863 -6.590566912216422324 -0.008132759822399518099 0.002317719053816392951 0.9999643233313922908 338.4248415966243329
0.9999735300895798984 0.0001277571684576173658 0.007274290912441763735 -0.5638820178267471839 -0.0001304398952846413332 0.9999999846361222744 0.0003685461972514538637 -6.62607549923418393 -0.00727424480361308929 -0.0003694851719284867643 0.9999735548415138453 340.036188714410855
0.9999807744363008455 0.001204166275314918003 0.0060822079602256586 -0.5621851075425333688 -0.001220860869271637571 0.9999955561687610128 0.002742125668134791621 -6.656761290796731068 -0.006078880119023076165 -0.002749498359994341588 0.999977824260853243 341.6465929042585685
0.9999872186750202729 0.001628498641795282208 0.004785707120999195194 -0.5620217089236212438 -0.001639142265536839595 0.999996250558296218 0.002221304304972495074 -6.687381239294013291 -0.00478207302737585372 -0.002229120246968493632 0.999986162073258078 343.2533098170976018
0.9999944485066645239 0.001175047246014802958 0.003116846855145718066 -0.5660614819566271994 -0.001178944308368940538 0.9999985857223443464 0.001249301842409961203 -6.720153529737912024 -0.003115375800469042701 -0.001252969368818028246 0.9999944430033848031 344.8556661480154162
0.9999988274972285707 -0.0001908537484130675191 0.001516935405531964634 -0.5736404674045273433 0.0001880203143519837937 0.999998297056338914 0.001868862402519976332 -6.753456271475674733 -0.001517290941758528714 -0.001868574869597916478 0.9999971838912736777 346.4553587156026992
0.9999988799856609489 -0.001450000693157354982 0.0003606093386814939448 -0.583265416022478389 0.00144913384607398628 0.9999961381079476297 0.002397059910001067985 -6.786274117020562713 -0.0003640851954208231271 -0.002396534527131006023 0.9999971427943443736 348.0540123652123725
0.9999980866055804274 -0.001952879675803491106 -7.456393016066323906e-05 -0.5931607336109121498 0.001953009824905708102 0.9999965974505675703 0.001764357222540336887 -6.818904362704894417 7.111656222577160966e-05 -0.001764499340682346585 0.999998521507213467 349.6525692229738524
0.9999974670591232906 -0.00223819633578516532 -0.00022105648853446705 -0.6024359889649240074 0.002238422825129540543 0.9999970332740798495 0.001022263683901133025 -6.850791894842211072 0.0002187662606298396628 -0.001022755779308199761 0.999999533821867348 351.2522609919756746
0.99999638562131965 -0.002655528881092557303 -0.0004116113275384835723 -0.6115722551530380358 0.002655866899383986339 0.999996198959184901 0.0008188745035208089577 -6.882601368125738972 0.0004094336613862769171 -0.0008199645943160197492 0.9999996607768855128 352.851707532668911
0.9999945265019196672 -0.003285785847550186118 -0.000378272329486808469 -0.6215693439917404639 0.003286070383671800803 0.9999943808723359417 0.0007497220921216655228 -6.916429107946096444 0.0003758052231330751653 -0.0007509608829224165543 0.9999997281799617443 354.4483281281325162
0.9999927208154966163 -0.003793650581933468834 -0.0003988020955986797101 -0.6329094878815333391 0.00379373248425185711 0.9999928446849332131 0.0002007269610905475352 -6.952165192333869648 0.0003980361986626050792 -0.0002022383108710860728 0.9999999810993548399 356.041585654486596
0.9999913569448324324 -0.004135579406992249268 -0.0004189631029960701756 -0.6445066345497266758 0.004135425748008068544 0.9999914413900246046 -0.0003708361261061553422 -6.987756339833635977 0.0004204915831901344186 0.0003691004701189830491 0.9999999242417826339 357.6323694156553756
0.9999914522847306309 -0.004130433264687198569 -0.0001654980563127660077 -0.6540437516015792374 0.004130354308657576204 0.9999914138185025392 -0.0004843360277056019516 -7.021941802811643818 0.0001674956121857627844 0.0004836484623214922754 0.9999999497808476079 359.2209598379531599
0.9999898107152218607 -0.004513391988480593663 -1.639935972236715857e-05 -0.6609375003387263359 0.004513370745994477184 0.9999891588857265923 -0.001197378260176062796 -7.055877905173205455 2.180188811479084277e-05 0.001197292186394615645 0.9999993637741522168 360.8074785879822457
0.9999840786652731683 -0.005641827629232625506 -6.86032017495617389e-05 -0.6672834161053484703 0.005641690800707636032 0.9999823905429835458 -0.001874046176638009646 -7.090536652039327592 7.917350504418798479e-05 0.001873629447747190155 0.9999983223870037019 362.3927093241449597
0.9999729737235113491 -0.007351305656698223397 -5.133967951952217109e-05 -0.6742764245358818798 0.007351256500982776554 0.999972609827424308 -0.0009277631283815265069 -7.124701413013133866 5.815701014865503411e-05 0.0009273607874741366915 0.999999649076069419 363.9798529136751313
0.9999600096154963591 -0.008942594773716833548 4.093289056387615019e-05 -0.6824156057527089869 0.008942600519583555202 0.9999600700548769705 -0.0001015599511274606803 -7.158234020611773829 -4.00245746895452347e-05 0.0001019220784716391574 1.000000074771251635 365.5713666051351538
0.9999578983351544714 -0.009173121449867909644 0.0002188758687292919746 -0.6923415238791006399 0.009173280904080465675 0.9999577182187960878 -0.0007313103195874049237 -7.191856386896955833 -0.0002121597329093134927 0.0007332874847083276212 0.9999997894052941039 367.1663526270716034
0.9999679374567008727 -0.007992905069308768595 0.0004796186057578316598 -0.7031931759196360376 0.007993463975105613573 0.9999674266220722751 -0.001171473658451403126 -7.225535698879122393 -0.0004702410062070039721 0.001175270057290157604 0.9999992795732561834 368.7637020906875023
0.9999796204735559302 -0.00634332180932002318 0.0007165288983069325506 -0.7137707606069785271 0.006343709695961704392 0.9999797947600752579 -0.0005380890424007390115 -7.25867004759990575 -0.0007131026355082721634 0.000542623669110305247 0.9999996792888544705 370.3631396450795705
0.9999857472766994215 -0.005234138196006340657 0.001049547042638227 -0.7229790023584170555 0.005233976818100971075 0.9999863512287188172 0.0001579967595439228027 -7.291304264771270915 -0.001050361161335634829 -0.0001525010651035613315 0.9999995175093141508 371.9647106248946216
0.999986507812974601 -0.004945478739198123398 0.001587116824853554778 -0.7303784163653183059 0.004945500043386938382 0.9999878319645980618 -8.473367772706919758e-06 -7.323991166356334404 -0.001587057041863951115 1.632247741422344689e-05 0.9999988212584317582 373.5687433474332693
0.9999855884334742928 -0.004954043487386183484 0.002067095946545618491 -0.7370021945706470845 0.004955404195888152979 0.999987569840952828 -0.0006528801660276156976 -7.357174145333445381 -0.002063837259804831518 0.0006631141926067267043 0.9999977311927874535 375.1739164454020283
0.9999861083585710464 -0.004762651578192857865 0.002256711537501832326 -0.7434886622939018697 0.004764804313975573059 0.9999882592106582591 -0.0009487887744621641009 -7.390653317817414525 -0.002252167684170895516 0.0009595285235855800223 0.9999970842864361886 376.7798790681374612
0.9999880247849245452 -0.004289881217100216873 0.002353659577832007636 -0.7501759772626626077 0.004292139175328766633 0.9999903943105290516 -0.0009544353988725173777 -7.423671480640725129 -0.002349543941500002037 0.0009645263438479469154 0.9999968554290304956 378.3865717980937688
0.9999915279539587365 -0.003153354813155343113 0.002644405836566617908 -0.7562155303014109764 0.00315531324710437806 0.9999948120977605326 -0.0007361341954276170649 -7.456695619125766505 -0.002642072194418284073 0.0007444720257655496705 0.9999963133691920358 379.9950795777883172
0.9999928412951547552 -0.00197531577372627061 0.003226142504688011853 -0.7606396383798860183 0.001976845793846061881 0.9999979963491272272 -0.0004706321451070443981 -7.490641747362167813 -0.003225207727296596546 0.0004770064979879239347 0.9999947660045748199 381.6068093461044555
0.9999923184002458276 -0.001044691705907270941 0.003776806849662104736 -0.7644453213176830575 0.001048073059791386746 0.9999991131085335105 -0.0008929948545249521367 -7.52605599021532079 -0.003775871895595288557 0.0008969465005744680806 0.9999925498800431578 383.2204007046000243
0.9999928120758823091 1.345664919870375139e-05 0.003790531277583491544 -0.7703364048274706777 -8.046960335472162421e-06 0.9999990432294612042 -0.001426740521031840195 -7.561944248572724625 -0.003790548148674444638 0.001426699900801897724 0.9999918788717088169 384.835879276859032
0.9999915605938552998 0.001111429692961918032 0.003954235540016089526 -0.7794530041106855212 -0.001106351519872713013 0.9999986224321887329 -0.001285780419588672006 -7.596880308662085746 -0.003955660436048294426 0.001281394929674627581 0.9999914361207933311 386.4538322036643763
0.9999879164027244416 0.002313675232301316918 0.004336642822093818295 -0.7888298899850603174 -0.002311125044161181034 0.9999972148140267025 -0.0005925996188376629397 -7.630847346178078361 -0.004338003092822659279 0.000582570066230972774 0.9999905018943506807 388.0727505590704141
0.999982726754803819 0.003313078741297618892 0.004854092952528747673 -0.7957964301046311917 -0.003312039307955536201 0.9999945516338124563 -0.0002218230219942677153 -7.663802949537086739 -0.004854802657630686961 0.0002057423730937072109 0.9999882749808667315 389.6912922924254303
0.999977850733129614 0.003819376832584640748 0.005450038672978186997 -0.7986804769888783406 -0.00381724559955493167 0.999992694904103252 -0.0004010991439823376387 -7.696098230266995799 -0.005451532006992163178 0.0003802862529342122279 0.9999851487494874069 391.3090211051205074
0.9999758221080359277 0.004088052109890663414 0.00562454865309476755 -0.7978681566557961347 -0.004087273719904773589 0.9999916969264937006 -0.0001495898608992673139 -7.728243487248482424 -0.005625114671115421551 0.0001265973020850077731 0.9999842516742579734 392.9265055020820228
