0.000000 0.000000 0.000000 0.000000 -0.000000 -0.000000 -0.000000 1.000000
0.100003 2.366431 -0.017298 0.009340 -0.002473 -0.000615 0.001317 0.999996
0.200001 4.721760 -0.008543 0.004966 -0.004491 -0.000793 0.002334 0.999987
0.300001 7.085897 -0.014853 0.022410 -0.007963 -0.000139 0.003756 0.999961
0.400002 9.446944 -0.010793 0.026025 -0.011388 0.000316 0.004799 0.999924
0.500004 11.803731 0.006372 -0.006597 -0.012780 0.000879 0.006223 0.999899
0.600010 14.159260 0.027346 -0.005387 -0.013605 0.002179 0.007391 0.999878
0.700005 16.516141 0.050338 -0.055154 -0.013197 0.002638 0.008956 0.999869
0.800001 18.866239 0.090035 -0.098570 -0.012417 0.002731 0.010280 0.999866
0.899997 21.217276 0.126759 -0.150526 -0.011871 0.002915 0.011686 0.999857
0.999996 23.568210 0.169069 -0.186273 -0.011705 0.003146 0.013076 0.999841
1.099998 25.914606 0.219359 -0.218923 -0.011719 0.003154 0.014650 0.999819
1.199993 28.254966 0.280691 -0.255318 -0.011692 0.003121 0.016511 0.999790
1.299993 30.596481 0.341288 -0.279259 -0.012564 0.003077 0.018719 0.999741
1.399988 32.928106 0.416032 -0.295466 -0.013816 0.003192 0.021246 0.999674
1.499988 35.255538 0.498923 -0.317049 -0.015199 0.003173 0.024226 0.999586
1.599996 37.566968 0.608117 -0.325943 -0.016491 0.003046 0.027098 0.999492
1.699996 39.863300 0.744452 -0.349559 -0.015974 0.003006 0.030051 0.999416
1.799993 42.152254 0.888064 -0.365896 -0.015142 0.003039 0.033473 0.999320
1.899989 44.432461 1.051600 -0.379545 -0.014005 0.003093 0.037474 0.999195
1.999990 46.708048 1.229717 -0.411865 -0.013058 0.003353 0.041668 0.999041
2.099998 48.982449 1.421026 -0.469934 -0.011935 0.003670 0.046017 0.998863
2.199994 51.250641 1.632865 -0.519425 -0.010565 0.003767 0.050531 0.998660
2.299995 53.512163 1.868406 -0.572458 -0.009845 0.001919 0.054781 0.998448
2.400001 55.770794 2.118172 -0.606731 -0.010288 0.000061 0.058628 0.998227
2.500007 58.028613 2.381440 -0.648358 -0.011581 -0.001618 0.062548 0.997973
2.600007 60.279152 2.672220 -0.673371 -0.010719 -0.001424 0.066849 0.997704
2.699998 62.531212 2.975110 -0.675540 -0.009156 -0.001038 0.071840 0.997374
2.799994 64.776052 3.299192 -0.656755 -0.007160 -0.000710 0.076879 0.997014
2.899993 67.015992 3.645026 -0.651636 -0.005579 -0.000736 0.082171 0.996602
3.000003 69.253649 4.015374 -0.677544 -0.005723 -0.002651 0.087143 0.996176
3.100011 71.484092 4.412911 -0.710730 -0.006825 -0.004398 0.091648 0.995758
3.200011 73.706131 4.836419 -0.689308 -0.009309 -0.005324 0.095394 0.995382
3.300012 75.927097 5.275453 -0.655426 -0.011519 -0.006172 0.098649 0.995036
3.400012 78.148498 5.727066 -0.659326 -0.011257 -0.006195 0.102210 0.994680
3.500011 80.367626 6.194208 -0.648548 -0.010105 -0.006190 0.105972 0.994299
3.600009 82.583328 6.673046 -0.631006 -0.009466 -0.006367 0.109953 0.993871
3.700009 84.798346 7.172572 -0.641355 -0.009353 -0.006400 0.114009 0.993415
3.800009 87.013843 7.690743 -0.685793 -0.009653 -0.006528 0.118291 0.992911
3.900004 89.225748 8.229199 -0.728505 -0.009866 -0.006587 0.122555 0.992391
4.000006 91.430031 8.789044 -0.744668 -0.009536 -0.006702 0.126673 0.991876
4.100009 93.632984 9.360937 -0.773468 -0.010269 -0.008571 0.130983 0.991294
4.200007 95.822646 9.956826 -0.760425 -0.010020 -0.008868 0.134861 0.990774
4.300009 98.012204 10.567540 -0.753118 -0.009909 -0.008984 0.138549 0.990265
4.400008 100.199046 11.193699 -0.745257 -0.009346 -0.009088 0.142164 0.989757
4.500006 102.377908 11.834731 -0.675016 -0.008279 -0.009158 0.145998 0.989208
4.600006 104.553856 12.491659 -0.655400 -0.006284 -0.009954 0.150565 0.988530
4.700001 106.724431 13.164002 -0.651520 -0.004294 -0.011151 0.155543 0.987757
4.800003 108.888785 13.855105 -0.629445 -0.004413 -0.012980 0.159838 0.987048
4.900007 111.047084 14.573098 -0.612974 -0.004551 -0.013142 0.163747 0.986404
5.000010 113.196134 15.313666 -0.569988 -0.006994 -0.014098 0.167349 0.985772
5.100012 115.332750 16.070401 -0.523570 -0.009634 -0.015947 0.171231 0.985055
5.200008 117.467851 16.848978 -0.541826 -0.010047 -0.016254 0.175232 0.984342
5.300001 119.602956 17.639782 -0.473737 -0.009673 -0.014493 0.179522 0.983600
5.399999 121.728457 18.442303 -0.452871 -0.008024 -0.013685 0.184013 0.982796
5.500000 123.843425 19.261299 -0.432201 -0.006436 -0.012946 0.188554 0.981956
5.600008 125.955096 20.098354 -0.407941 -0.004828 -0.011589 0.192925 0.981133
5.700008 128.058731 20.950961 -0.393899 -0.002964 -0.010259 0.197168 0.980312
5.800005 130.143711 21.815540 -0.393407 -0.001405 -0.010128 0.200882 0.979562
5.900007 132.213918 22.694496 -0.379554 -0.000684 -0.010543 0.203776 0.978960
6.000013 134.277351 23.583492 -0.366523 0.000227 -0.010898 0.206415 0.978404
6.100010 136.330433 24.481583 -0.318735 0.001880 -0.010621 0.209485 0.977752
6.200000 138.386562 25.398989 -0.308084 0.003289 -0.009399 0.212845 0.977035
6.299997 140.432213 26.330863 -0.307934 0.004623 -0.008437 0.216412 0.976255
6.399995 142.457863 27.266515 -0.291695 0.006018 -0.008624 0.220240 0.975389
6.499999 144.463866 28.211022 -0.263126 0.007582 -0.009662 0.224156 0.974476
6.600003 146.468568 29.180853 -0.241886 0.008134 -0.009734 0.228077 0.973560
6.700002 148.470105 30.175064 -0.228715 0.007703 -0.009135 0.231865 0.972675
6.799998 150.449418 31.176967 -0.226015 0.007832 -0.009801 0.235899 0.971697
6.899995 152.412703 32.182840 -0.168937 0.009430 -0.009942 0.240569 0.970535
6.999993 154.371754 33.202863 -0.118017 0.012078 -0.009142 0.245717 0.969223
7.099995 156.314074 34.238924 -0.073485 0.014297 -0.009051 0.250879 0.967871
7.199994 158.235035 35.294537 -0.008388 0.015357 -0.009404 0.255995 0.966510
7.299992 160.138270 36.378194 0.032986 0.015170 -0.010269 0.260857 0.965204
7.399994 162.024016 37.482876 0.073999 0.013800 -0.011855 0.265539 0.963929
7.500000 163.901940 38.614484 0.085555 0.013389 -0.012322 0.270100 0.962660
7.600005 165.781227 39.762369 0.048513 0.015994 -0.011059 0.274856 0.961289
7.700001 167.652082 40.913729 0.034876 0.019356 -0.009619 0.280087 0.959731
7.799999 169.491353 42.068687 0.072301 0.020269 -0.011070 0.284965 0.958260
7.900002 171.297336 43.245261 0.187149 0.016459 -0.014206 0.288377 0.957270
8.000012 173.092047 44.455567 0.252319 0.012126 -0.017098 0.290463 0.956657
8.100018 174.899138 45.689463 0.223284 0.010313 -0.018612 0.292489 0.956032
8.200003 176.713348 46.925999 0.203760 0.011290 -0.018695 0.295751 0.955015
8.299995 178.521368 48.149995 0.247431 0.014213 -0.018164 0.300026 0.953652
8.399992 180.298252 49.373692 0.376583 0.014648 -0.019334 0.304273 0.952276
8.500000 182.053003 50.624203 0.537319 0.013575 -0.020134 0.307594 0.951208
8.600010 183.829691 51.907120 0.560199 0.013935 -0.021007 0.310268 0.950315
8.700001 185.614901 53.201169 0.547943 0.016217 -0.021692 0.313252 0.949284
8.799997 187.388686 54.476847 0.685227 0.017912 -0.020869 0.316706 0.948125
8.899997 189.147417 55.766683 0.792674 0.019434 -0.021779 0.319929 0.946992
9.000003 190.878245 57.074650 0.940489 0.019535 -0.023048 0.322409 0.946118
9.100006 192.603937 58.396081 1.109530 0.019288 -0.023751 0.324597 0.945357
9.200002 194.323870 59.717646 1.373249 0.016811 -0.022773 0.327044 0.944585
9.299997 196.039250 61.054072 1.636700 0.017115 -0.018652 0.329603 0.943780
9.399997 197.764032 62.407987 1.760289 0.021677 -0.013727 0.332378 0.942797
9.499995 199.489953 63.769383 1.844599 0.023861 -0.012519 0.335152 0.941779
9.599998 201.202428 65.143001 1.925770 0.027181 -0.011348 0.337593 0.940831
9.699998 202.911491 66.530135 1.989544 0.030788 -0.009923 0.339630 0.940003
9.800000 204.623425 67.923865 2.050827 0.031674 -0.010998 0.341356 0.939336
9.900004 206.322531 69.328082 2.139829 0.031971 -0.011531 0.342331 0.938965
10.000009 208.016408 70.739161 2.224719 0.032636 -0.008558 0.342624 0.938866
10.100015 209.721833 72.144792 2.351486 0.031898 -0.003723 0.342367 0.939017
10.200015 211.435028 73.559088 2.408037 0.030461 -0.001763 0.341253 0.939476
10.300012 213.160009 74.965746 2.502140 0.028721 -0.000976 0.339828 0.940049
10.400006 214.903213 76.381294 2.494816 0.027117 -0.006396 0.338669 0.940493
10.499999 216.636904 77.793651 2.565561 0.036725 -0.007441 0.338707 0.940146
10.599993 218.366474 79.194582 2.692395 0.038329 -0.006835 0.338989 0.939984
10.699995 220.101373 80.604768 2.791329 0.039348 -0.003771 0.338973 0.939965
10.800000 221.844303 82.016272 2.910117 0.039324 -0.001034 0.338717 0.940065
10.900000 223.594417 83.440079 2.945660 0.039515 -0.001991 0.338408 0.940167
11.000000 225.349587 84.857868 3.012489 0.040066 -0.003353 0.338338 0.940165
11.100001 227.101355 86.287642 3.063339 0.041359 -0.004675 0.338203 0.940152
11.199995 228.857895 87.716580 3.127571 0.042084 -0.004397 0.338298 0.940087
11.299992 230.619184 89.155191 3.179308 0.042972 -0.003865 0.338357 0.940028
11.399992 232.388301 90.595728 3.242289 0.043963 -0.002705 0.338148 0.940062
11.499998 234.167982 92.040333 3.316262 0.044843 -0.002319 0.337562 0.940232
11.599999 235.951327 93.490055 3.369862 0.046191 -0.002029 0.336965 0.940381
11.699997 237.749776 94.934159 3.441225 0.045941 -0.002308 0.336679 0.940495
11.799993 239.547128 96.387451 3.493768 0.047063 -0.001579 0.336571 0.940480
11.899994 241.354590 97.841167 3.567374 0.049086 -0.000405 0.336663 0.940345
11.999998 243.160994 99.304575 3.614101 0.050787 0.000190 0.336770 0.940216
12.099998 244.976957 100.767719 3.657689 0.050460 -0.000618 0.336802 0.940222
12.199995 246.786600 102.237478 3.721420 0.050980 -0.000170 0.336756 0.940211
12.299995 248.604361 103.710124 3.790215 0.052538 0.000719 0.336717 0.940139
12.399997 250.428791 105.182945 3.849927 0.053489 0.001077 0.336735 0.940078
12.500000 252.254705 106.662715 3.897314 0.053766 0.000513 0.336660 0.940090
12.600004 254.080087 108.145119 3.960268 0.054021 0.000448 0.336552 0.940114
12.700002 255.913686 109.628926 4.018034 0.054670 0.000183 0.336582 0.940066
12.799999 257.745214 111.117487 4.080753 0.056093 0.001001 0.336680 0.939946
12.900001 259.582792 112.608459 4.137760 0.058209 0.002070 0.336894 0.939739
13.000003 261.424587 114.100879 4.186912 0.059986 0.003458 0.337152 0.939531
13.100007 263.273835 115.590319 4.268640 0.061461 0.004677 0.337373 0.939351
13.200000 265.124955 117.085996 4.331514 0.063177 0.004938 0.337548 0.939173
13.299996 266.972481 118.590000 4.378649 0.064620 0.004766 0.337605 0.939055
13.399997 268.826822 120.091016 4.454874 0.065762 0.004970 0.337632 0.938965
13.500001 270.678887 121.599499 4.518358 0.066781 0.004869 0.337626 0.938896
13.600003 272.529320 123.115891 4.575405 0.069595 0.006186 0.337724 0.938648
13.700002 274.389067 124.628319 4.639775 0.071355 0.006696 0.337851 0.938467
13.800000 276.250466 126.141300 4.718027 0.073160 0.007497 0.337986 0.938273
13.900000 278.116350 127.654814 4.789727 0.075657 0.008606 0.338072 0.938035
14.000001 279.985699 129.170362 4.868580 0.077440 0.009395 0.338108 0.937869
14.100003 281.850601 130.692738 4.928345 0.078028 0.009576 0.338040 0.937843
14.200001 283.720846 132.218604 4.980241 0.079529 0.009631 0.338020 0.937723
14.300003 285.589802 133.742804 5.046388 0.080102 0.009830 0.338049 0.937662
14.400002 287.458452 135.272404 5.113304 0.081011 0.010161 0.338004 0.937597
14.500004 289.334624 136.800215 5.168594 0.082001 0.010762 0.338174 0.937442
14.600008 291.211408 138.328359 5.242892 0.082706 0.011024 0.338349 0.937314
14.700005 293.086051 139.859575 5.314843 0.083725 0.011486 0.338446 0.937183
14.800005 294.963253 141.393451 5.381096 0.086152 0.012107 0.338514 0.936931
14.900002 296.845431 142.925532 5.435652 0.086398 0.012113 0.338580 0.936884
15.000004 298.728590 144.456915 5.512321 0.087480 0.012400 0.338632 0.936761
15.100008 300.603246 145.998742 5.575264 0.088312 0.012836 0.338637 0.936676
15.200005 302.487607 147.532776 5.651771 0.088798 0.012956 0.338758 0.936584
15.299999 304.372003 149.065007 5.743998 0.088576 0.012845 0.338634 0.936652
15.399999 306.249863 150.606432 5.805239 0.088498 0.012847 0.338268 0.936791
15.500004 308.132429 152.152323 5.841999 0.088675 0.013073 0.337870 0.936915
15.600006 310.020199 153.692991 5.897950 0.090704 0.013509 0.337634 0.936800
15.699997 311.914654 155.222580 5.979798 0.092294 0.014087 0.337591 0.936651
15.799997 313.795854 156.771753 6.006418 0.094002 0.014822 0.337290 0.936579
15.899999 315.694301 158.301451 6.100024 0.095295 0.015772 0.337113 0.936496
16.000000 317.589834 159.836784 6.164197 0.096307 0.015962 0.336893 0.936468
16.100006 319.483629 161.374327 6.235485 0.097289 0.016209 0.336620 0.936461
16.200002 321.376032 162.916471 6.281482 0.097463 0.016429 0.336312 0.936550
16.299999 323.279173 164.447793 6.359936 0.098587 0.017127 0.336165 0.936472
16.399997 325.177152 165.986241 6.413413 0.099002 0.017247 0.336038 0.936472
16.499999 327.083598 167.516564 6.485257 0.098997 0.017330 0.335950 0.936502
16.600005 328.986309 169.054018 6.553862 0.100635 0.018172 0.335699 0.936402
16.700000 330.887570 170.592458 6.615859 0.102066 0.018474 0.335391 0.936351
16.800000 332.796213 172.124208 6.694508 0.103120 0.018678 0.335192 0.936303
16.900002 334.703412 173.658499 6.759823 0.103213 0.018631 0.334982 0.936369
17.000001 336.614302 175.190650 6.838341 0.103239 0.018629 0.334736 0.936454
17.100005 338.515372 176.732832 6.892705 0.103437 0.018870 0.334404 0.936546
17.200001 340.427301 178.267685 6.959059 0.104500 0.019909 0.334233 0.936468
17.299998 342.336394 179.807077 7.008361 0.106520 0.020609 0.334136 0.936260
17.399998 344.252338 181.338724 7.076691 0.108148 0.021172 0.334142 0.936058
17.500004 346.167066 182.872330 7.143120 0.108868 0.021470 0.334083 0.935989
17.600005 348.081615 184.406281 7.206435 0.108696 0.021208 0.333980 0.936052
17.700003 349.989227 185.951063 7.242246 0.108442 0.021064 0.333742 0.936169
17.799998 351.903767 187.489437 7.304361 0.109180 0.021287 0.333566 0.936141
17.899996 353.825133 189.022937 7.354530 0.110118 0.021336 0.333566 0.936030
17.999998 355.740153 190.559422 7.415672 0.110647 0.021416 0.333513 0.935985
18.100001 357.654006 192.099763 7.472304 0.111439 0.021863 0.333309 0.935953
18.199999 359.569824 193.639845 7.523279 0.112251 0.022237 0.333208 0.935883
18.299997 361.491631 195.176761 7.577372 0.113365 0.022072 0.333433 0.935673
18.399996 363.417815 196.706089 7.644984 0.113741 0.021917 0.333865 0.935477
18.499998 365.342518 198.235791 7.732495 0.113817 0.021729 0.334354 0.935297
18.600002 367.256626 199.779680 7.787358 0.114220 0.021850 0.334710 0.935118
18.700001 369.174432 201.323385 7.847832 0.114525 0.022249 0.335043 0.934952
18.799999 371.097938 202.859287 7.935018 0.115313 0.022702 0.335535 0.934668
18.899999 373.015595 204.403183 7.995161 0.115370 0.022245 0.335980 0.934512
19.000005 374.924060 205.955877 8.051131 0.115172 0.022076 0.336110 0.934494
19.100008 376.833618 207.505879 8.125681 0.115105 0.022022 0.336217 0.934465
19.200004 378.746890 209.051154 8.201416 0.114235 0.021881 0.336578 0.934445
19.299999 380.660011 210.595713 8.272363 0.112741 0.021292 0.336910 0.934520
19.400001 382.569141 212.144119 8.348583 0.112981 0.021505 0.337072 0.934428
19.500003 384.475469 213.695414 8.406128 0.113164 0.021707 0.337363 0.934296
19.600005 386.385894 215.239566 8.487706 0.114119 0.022158 0.337792 0.934014
19.700002 388.287175 216.792052 8.539186 0.114843 0.022064 0.338171 0.933791
19.800000 390.193087 218.334995 8.633362 0.115920 0.022252 0.338450 0.933552
19.900002 392.090935 219.880878 8.727288 0.116570 0.022212 0.338582 0.933424
20.000005 393.986920 221.430002 8.799337 0.116519 0.022016 0.338704 0.933391
20.100005 395.878084 222.983381 8.855426 0.115858 0.021993 0.338972 0.933376
20.200001 397.774000 224.526754 8.949612 0.116221 0.022142 0.339288 0.933213
20.299996 399.665778 226.070682 9.029664 0.116289 0.022203 0.339596 0.933091
20.399996 401.546685 227.621661 9.096026 0.116777 0.022676 0.339852 0.932925
20.500001 403.433109 229.166048 9.156541 0.117059 0.023132 0.340218 0.932745
20.600003 405.313836 230.706058 9.235302 0.117077 0.022937 0.340546 0.932628
20.700001 407.187612 232.241538 9.330491 0.116942 0.022916 0.340957 0.932495
20.800003 409.056897 233.777000 9.401828 0.116796 0.022913 0.341139 0.932447
20.900002 410.921354 235.302487 9.523347 0.116461 0.022875 0.340919 0.932571
21.000004 412.779916 236.825992 9.613558 0.115745 0.022442 0.340817 0.932707
21.100006 414.632789 238.346356 9.707175 0.115127 0.022284 0.340693 0.932833
21.200003 416.478397 239.866245 9.769083 0.114816 0.022294 0.340679 0.932876
21.300001 418.316145 241.380466 9.846819 0.113937 0.022374 0.340605 0.933009
21.400001 420.152285 242.883990 9.892783 0.112243 0.021835 0.340587 0.933234
21.500004 421.980319 244.377589 9.962363 0.109687 0.021223 0.340175 0.933702
21.600008 423.802214 245.861457 10.034425 0.107392 0.020535 0.339602 0.934193
21.700004 425.611273 247.337273 10.148140 0.106642 0.020289 0.338840 0.934560
21.800001 427.422836 248.801227 10.234193 0.105901 0.020022 0.338482 0.934780
21.900001 429.222049 250.263374 10.323984 0.105891 0.020096 0.338089 0.934922
22.000000 431.024372 251.712975 10.406123 0.105751 0.020057 0.338222 0.934891
22.100004 432.817270 253.160335 10.480749 0.104958 0.019598 0.338354 0.934942
22.200000 434.609836 254.600193 10.537936 0.103713 0.019155 0.338698 0.934965
22.299999 436.379270 256.043597 10.640025 0.103631 0.019232 0.338824 0.934927
22.399997 438.132401 257.486245 10.729892 0.102968 0.018892 0.339009 0.934940
22.500001 439.885832 258.921968 10.815694 0.102577 0.018839 0.339467 0.934818
22.600005 441.623185 260.365781 10.862335 0.102600 0.018957 0.340033 0.934607
22.700000 443.354670 261.804293 10.922137 0.102546 0.018975 0.340593 0.934409
22.800000 445.076017 263.245240 10.955232 0.102894 0.019184 0.341351 0.934090
22.900002 446.787705 264.680754 11.023558 0.102891 0.019132 0.341834 0.933915
23.000004 448.496509 266.107589 11.090829 0.102716 0.019021 0.342726 0.933609
23.100007 450.190689 267.530892 11.185625 0.102508 0.018784 0.343526 0.933343
23.200003 451.877917 268.949992 11.275961 0.101884 0.018237 0.344673 0.932999
23.299996 453.547125 270.370168 11.393570 0.101585 0.017924 0.345783 0.932627
23.399994 455.213993 271.794706 11.447402 0.101713 0.017844 0.347608 0.931936
23.499998 456.885176 273.206340 11.553488 0.101842 0.019830 0.350024 0.930977
23.599999 458.538488 274.628430 11.651493 0.102978 0.020234 0.352519 0.929902
23.699995 460.162219 276.062471 11.710506 0.104514 0.018434 0.354869 0.928873
23.799997 461.776736 277.497216 11.787442 0.104732 0.018055 0.357756 0.927748
23.900001 463.358319 278.968277 11.812518 0.106144 0.015922 0.360640 0.926509
24.000004 464.929408 280.436079 11.863451 0.105537 0.012774 0.363360 0.925564
24.100012 466.504234 281.913586 11.893112 0.104297 0.011688 0.366377 0.924529
24.200008 468.071854 283.394949 11.988038 0.105327 0.011738 0.369536 0.923153
24.300003 469.631732 284.878718 12.100831 0.107275 0.012117 0.372983 0.921536
24.400003 471.195665 286.366134 12.235583 0.108648 0.014376 0.376985 0.919713
24.500005 472.739219 287.885976 12.304850 0.110691 0.014681 0.380750 0.917911
24.600010 474.266714 289.413619 12.386686 0.113012 0.012997 0.384161 0.916231
24.700006 475.775841 290.949022 12.495795 0.114905 0.011009 0.387518 0.914607
24.800006 477.280200 292.503087 12.578965 0.115036 0.010509 0.391198 0.913028
24.900005 478.783824 294.059112 12.731256 0.113820 0.011560 0.395274 0.911411
25.000011 480.264706 295.635643 12.867136 0.115073 0.011419 0.398970 0.909643
25.100013 481.739431 297.214921 13.021170 0.116435 0.011404 0.402829 0.907767
25.200008 483.193666 298.811196 13.186527 0.117736 0.011291 0.406604 0.905916
25.300008 484.644342 300.410325 13.370001 0.117368 0.009794 0.409901 0.904495
25.400014 486.074705 302.027156 13.558981 0.117429 0.009302 0.413013 0.903075
25.500015 487.499710 303.667956 13.692137 0.118057 0.009177 0.416197 0.901531
25.600015 488.918159 305.311742 13.855974 0.118680 0.008933 0.419658 0.899846
25.700011 490.327646 306.971081 13.995939 0.119702 0.009260 0.423307 0.897996
25.800010 491.723170 308.639127 14.168363 0.120653 0.009263 0.426911 0.896161
25.900008 493.092888 310.319592 14.332299 0.122363 0.007467 0.430149 0.894396
26.000012 494.445501 312.012650 14.509741 0.123912 0.005926 0.433367 0.892639
26.100016 495.789630 313.717045 14.684000 0.125722 0.004435 0.436398 0.890916
26.200009 497.142190 315.423152 14.878931 0.125940 0.004122 0.439947 0.889139
26.300007 498.490316 317.137750 15.097978 0.127370 0.004723 0.443444 0.887193
26.400008 499.807281 318.871408 15.297768 0.130330 0.004395 0.446476 0.885242
26.500010 501.132604 320.607289 15.497597 0.131914 0.005010 0.450310 0.883060
26.600012 502.438792 322.365837 15.678266 0.132126 0.004614 0.453956 0.881161
26.700005 503.704614 324.137006 15.883212 0.132648 0.002588 0.456724 0.879659
26.800007 504.961106 325.912926 16.080389 0.134169 0.000632 0.459286 0.878097
26.900007 506.223035 327.679606 16.352942 0.134438 0.000232 0.462373 0.876435
27.000004 507.479528 329.456643 16.612303 0.135268 0.000114 0.465564 0.874616
27.100006 508.726423 331.248177 16.862699 0.136268 0.000218 0.469312 0.872455
27.200004 509.958254 333.045283 17.139997 0.137818 0.000466 0.473234 0.870089
27.299999 511.174672 334.854294 17.412089 0.138469 0.000227 0.477077 0.867885
27.400001 512.361867 336.687818 17.642351 0.139891 -0.001555 0.480384 0.865828
27.500009 513.541477 338.512604 17.935420 0.139566 -0.002704 0.483620 0.864075
27.600013 514.709806 340.346949 18.249689 0.140085 -0.003163 0.487072 0.862048
27.700006 515.856742 342.200990 18.519387 0.141742 -0.004649 0.490658 0.859734
27.800004 517.008844 344.042524 18.881275 0.141757 -0.003576 0.494840 0.857336
27.900008 518.137247 345.908003 19.207122 0.143044 -0.003409 0.498721 0.854871
28.000007 519.241941 347.784354 19.525107 0.143483 -0.004249 0.502600 0.852518
28.100013 520.322702 349.677192 19.825055 0.144120 -0.006561 0.506104 0.850321
28.200011 521.387354 351.575474 20.140534 0.144543 -0.008805 0.509309 0.848312
28.300013 522.446207 353.477053 20.483513 0.143740 -0.009934 0.512224 0.846680
28.400014 523.485397 355.395109 20.814998 0.144388 -0.011992 0.514743 0.845013
28.500012 524.516009 357.314118 21.160719 0.145781 -0.013408 0.517840 0.842858
28.600013 525.559452 359.212181 21.613245 0.145275 -0.011719 0.521635 0.840628
28.700009 526.585671 361.139512 22.008892 0.146584 -0.010587 0.525446 0.838038
28.800009 527.583621 363.086461 22.382964 0.148141 -0.011637 0.529044 0.835483
28.900011 528.560619 365.035258 22.778396 0.148722 -0.012765 0.532277 0.833307
29.000021 529.521160 366.998716 23.175813 0.148398 -0.013514 0.535408 0.831344
29.100024 530.464302 368.974368 23.564060 0.147574 -0.014676 0.538493 0.829477
29.200022 531.402061 370.948203 23.989405 0.147883 -0.014575 0.541451 0.827495
29.300020 532.328734 372.924595 24.425506 0.149091 -0.014522 0.544636 0.825187
29.400019 533.236027 374.916142 24.841118 0.149576 -0.015007 0.547801 0.822992
29.500021 534.125158 376.919590 25.253099 0.149780 -0.015250 0.550890 0.820886
29.600023 534.997768 378.930538 25.670015 0.150497 -0.015095 0.554169 0.818547
29.700014 535.842909 380.955594 26.073250 0.152554 -0.015365 0.557427 0.815945
29.800016 536.689545 382.982252 26.495073 0.152859 -0.015685 0.560777 0.813583
29.900016 537.522673 385.014051 26.932537 0.154888 -0.015281 0.564176 0.810852
30.000017 538.342908 387.052489 27.368927 0.155876 -0.015344 0.567955 0.808019
