1.0 0.0 0.0 0.0 0.0 1.0 0.0 0.0 0.0 0.0 1.0 0.0
0.9999957741923661 -0.0026307554655200308 -0.0012372239455162456 2.366430712579865 0.0026368424899377717 0.9999843004484497 0.004944281374306903 -0.017297845554372977 0.0012241973264066062 -0.004947522845394033 0.9999870115949507 0.009340230071411371
0.9999878452079511 -0.0046614652655684085 -0.0016062932291069918 4.721759886227237 0.004675704783927448 0.999948764108991 0.008978136871067643 -0.008543151009006097 0.001564359656068175 -0.008985538296616708 0.9999584055751455 0.004966357672452629
0.9999717491197515 -0.007509130247973744 -0.0003375282282850021 7.085897013618126 0.007513553073693701 0.9998449838936541 0.01592340110994071 -0.014853300069730145 0.00021790501304799648 -0.015925487296099883 0.9998731576414019 0.022409739767202827
0.9999537378847738 -0.009604659963809378 0.0005221084652445316 9.446944275729214 0.009590277508804528 0.9996945549989326 0.022777692657309865 -0.010792752520325475 -0.0007407209825574272 -0.022771631747996166 0.9997404183686686 0.026024568563366667
0.9999210131508451 -0.012466382005094343 0.0015989931492200009 11.803731175983458 0.012421442329062702 0.9995959079809336 0.0255681152656776 0.006372328097331735 -0.0019170889009020814 -0.025546233919626325 0.9996718034948622 -0.00659652366740365
0.99988125891916 -0.01483872841870191 0.004156946132970533 14.159259578010603 0.01472012713184877 0.9995205393089881 0.027239848690700105 0.027346266738294496 -0.00455915775759295 -0.027175423426067068 0.9996202831286268 -0.005386502035223098
0.999825670087936 -0.017979088214276007 0.0050380373355071355 16.51614145285499 0.017839861205746724 0.999491282001407 0.026437030002323707 0.05033764793187981 -0.005510788089772218 -0.026342543350393335 0.9996377852124554 -0.055154349063926286
0.9997737223026056 -0.020625189865029207 0.005206316953913641 18.86623942897685 0.02048954041978086 0.9994802873260304 0.024886421600190358 0.09003527090047134 -0.0057168983355730795 -0.02477411531634888 0.9996767278894277 -0.09857021350805265
0.9997098640548417 -0.02343847518602138 0.005552080007029098 21.217275809749882 0.023300047748929593 0.999445008553479 0.02380719749221661 0.1267585187515813 -0.006107003057784827 -0.023670926439200973 0.9997011512222852 -0.15052582766204586
0.9996382571522228 -0.026220769472709314 0.0059854896145951015 23.568210176993073 0.026073457725023 0.9993840336549624 0.023488892647340404 0.16906929068111556 -0.00659769959370907 -0.023324333297993306 0.9997061797529689 -0.1862728284694968
0.9995508686957145 -0.02936814158999505 0.005964323028924798 25.914605935437724 0.029220281272034156 0.9992961202543723 0.023525288668610443 0.21935917737967964 -0.006651018871313618 -0.02334044352852455 0.9997054504422117 -0.21892317907160455
0.9994352817645282 -0.03308841288859405 0.005854442481767332 28.25496563552634 0.03294245739920543 0.9991813699981676 0.0234815746721804 0.28069125714224885 -0.006626617897535217 -0.023275454476713697 0.9997071276899763 -0.2553177635206819
0.9992802710210469 -0.03750546928306882 0.005681524615912454 30.59648106026263 0.03735085062139821 0.9989835187738949 0.025235751940134957 0.34128849354623547 -0.0066222281720306085 -0.025005379260927205 0.9996653825666141 -0.27925905195231215
0.9990767976262637 -0.04256718421967989 0.005795452739752033 32.92810646279909 0.04239076438596479 0.9987154152087158 0.02775864764816648 0.4160321838129586 -0.006969615457432633 -0.027487347127165142 0.9995978542435385 -0.295465666494507
0.9988060734670636 -0.048528283799562234 0.0056065387519082235 35.25553835942421 0.04833539735821323 0.9983642161261425 0.030538194462929553 0.4989227311859047 -0.007079333833852964 -0.03023073982391457 0.9995178764795395 -0.3170486834863922
0.9985128893625874 -0.05426798281345232 0.005195750007107353 37.56696794151044 0.05406703083801546 0.9979875115640752 0.03313129847296286 0.608117499677189 -0.006983262356420203 -0.032801109790711526 0.999437502419916 -0.3259432627656335
0.9981757985039769 -0.06016298577650188 0.005048804155916166 39.86330042986892 0.05997089582041705 0.9976835067873725 0.03211093176701397 0.7444516746246359 -0.006968998166526187 -0.03174957364919374 0.9994715591939822 -0.34955918050942586
0.9977406586526627 -0.06699230688158286 0.005060522703706905 42.15225391310679 0.06680823096354672 0.9973005746349038 0.030466770560903408 0.8880640536403356 -0.0070879014434666885 -0.030059851156869787 0.9995229697218345 -0.36589609890088703
0.9971721970063707 -0.07497515581182164 0.005131815320261035 44.432460719951315 0.07480187758015833 0.9967990700282162 0.028218665832472366 1.051599850688687 -0.007231087606384098 -0.027754999583404907 0.9995886010605336 -0.3795452671912758
0.9965050395835388 -0.0833439253388211 0.005612146980173283 46.708048213882634 0.08316877647838426 0.9961865259033812 0.026369683874463465 1.2297168941026837 -0.007788498167079572 -0.025810767475369725 0.9996365057252735 -0.41186486038666625
0.9957379357150806 -0.09201692728355208 0.006232854174768945 48.98244937010899 0.09184173355844341 0.9954799912463812 0.024180219293526282 1.4210259645008905 -0.00842967109977171 -0.023504725512046028 0.9996881856477821 -0.46993441841904543
0.9948648900030793 -0.10100579301926706 0.006456037152209346 51.250640904822866 0.10084660356998938 0.9946700330920232 0.021482267503900504 1.6328646944694654 -0.008591460152914902 -0.02072088427796267 0.9997483842283427 -0.5194254747092374
0.9939906763213071 -0.10943012924957361 0.0027535792582532035 53.5121628504057 0.1093545556060011 0.9938041943785804 0.01986968554740912 1.8684064667735005 -0.004910860874007244 -0.01944916573944867 0.9997987864553138 -0.5724583456668607
0.9931254770111255 -0.11704960147761954 -0.0010852213388007237 55.7707940046583 0.11704710513900678 0.9929137995621682 0.020546576785312153 2.1181715233567564 -0.0013274373815755013 -0.020532350887000513 0.9997883078317398 -0.6067309832705468
0.992170266045524 -0.12480493665740808 -0.004678777734968006 58.028612589444315 0.12487990249314486 0.9919072688194016 0.022912442395693164 2.3814404138245076 0.0017813277226441772 -0.023317329374817508 0.999726527117478 -0.6483576174847386
0.9910582974119078 -0.13336108654214335 -0.004274544105306177 60.279152072934146 0.13342214023488647 0.990832574701742 0.02119767452002404 2.6722196099348943 0.001408412635379593 -0.02157845004196514 0.9997661660946712 -0.6733705950031172
0.9896759457056118 -0.14328312927897946 -0.0033863484352280276 62.53121193494882 0.14332114935909165 0.9895104514422353 0.01811393477328999 2.9751102884833696 0.0007554059110109131 -0.018412260877072744 0.9998301945887146 -0.6755395365252367
0.9881781556318685 -0.15328927087204092 -0.0025163798431782416 64.77605170255653 0.1533096009758218 0.9880766372468646 0.014167751252825558 3.2991923327329546 0.00031461187404130603 -0.014386047492129482 0.9998964659688149 -0.6567547332295778
0.9864946850885647 -0.16377592091560542 -0.0023841183397213255 67.01599239022562 0.16379234800187878 0.9864335249105567 0.010998530291124043 3.645025626748066 0.0005504798305082191 -0.01124049201675667 0.9999366721503862 -0.6516362475513077
0.9847982285593948 -0.17358862118877916 -0.00628009713746261 69.25364857269793 0.17364931714080314 0.9847467878602107 0.010939764875378281 4.015373836835819 0.004285286782720115 -0.011863995649627033 0.9999204377971412 -0.6775444972118422
0.9831624368853517 -0.18245941779768993 -0.010009173521572474 71.4840916877215 0.18257947199492075 0.9831079637257402 0.012785463037506325 4.412911293712336 0.007507270057273504 -0.014397656613336484 0.9998681655000037 -0.7107304307597128
0.9817434643541219 -0.18980689326902697 -0.012373902598858452 73.70613087523752 0.19000511645630797 0.9816268364029095 0.017515986242266884 4.836418956002868 0.00882189993088755 -0.01954730981937731 0.9997700119329679 -0.689308178168893
0.980460407810364 -0.19617734793776412 -0.014554616877098591 75.92709689105146 0.19646171855652012 0.9802711909925395 0.021706801972794895 5.27545309077056 0.01000908877732052 -0.024142084959111833 0.9996584306030164 -0.6554263460136606
0.9790294919704179 -0.2031929340637674 -0.01462482132205209 78.14849785325983 0.2034718685301481 0.9788528134491927 0.02112743049802423 5.727066342658903 0.010022602905160665 -0.02366011726843847 0.9996698186310619 -0.6593260983127702
0.9774633370491899 -0.2106100677953341 -0.014450746275023898 80.36762622268819 0.21086026178506553 0.9773357395941408 0.018783027229562137 6.194207595882006 0.010167336160168164 -0.021406808618234702 0.9997191474710284 -0.6485481853113029
0.9757396973766852 -0.2184373358131495 -0.014736800402592336 82.58332848389298 0.21867840108300646 0.9756415541947744 0.01741593029911879 6.6730458528540115 0.010573545433396447 -0.02021603450871391 0.9997397221705865 -0.631006420689024
0.9739219070357333 -0.22639704670698102 -0.014849115739146703 84.79834564207067 0.22663650400103247 0.973828867329978 0.017124024322612733 7.1725724429096775 0.010583669026727046 -0.020042814103032203 0.9997431027782963 -0.6413552489274501
0.971929468014058 -0.23477786600250677 -0.015246732148744575 87.01384323328774 0.23502992066624262 0.9718283237403245 0.01762514021758247 7.690743115823841 0.010679213338353286 -0.02071383140268702 0.9997284089146941 -0.6857933151651852
0.9698739644696514 -0.243114178007638 -0.015491594352684929 89.22574755117301 0.24337412458424157 0.9697660495606777 0.01796787695665385 8.229199432244409 0.010654976619940588 -0.021196829271051657 0.9997185433421216 -0.7285045710058771
0.9678181943142591 -0.25115950506449475 -0.015711326170683364 91.43003103491503 0.25141514698572826 0.9677261715653321 0.01721861590398103 8.789043937526072 0.010879642477030216 -0.020614555131324798 0.9997282998376711 -0.7446681679278307
0.965540087001991 -0.2595090241782726 -0.019682651300710015 93.63298412906894 0.2598610717159795 0.9654761177211942 0.01811324147225848 9.360936757229926 0.014302580145098439 -0.02260381560822698 0.9996421878458078 -0.7734675530367594
0.9634675735951755 -0.26705649915577395 -0.02027463660057416 95.82264616633007 0.26741193643350447 0.963424026853799 0.01746427020212291 9.956826083657107 0.014869125176233264 -0.022247937870095012 0.9996419050725288 -0.7604252726261027
0.9614469771452445 -0.274222281216641 -0.02053900247363887 98.0122043222661 0.27457838503196197 0.9614120118580716 0.017136333570919576 10.567540282451283 0.015047279206232323 -0.022115242240492404 0.9996421837083243 -0.7531182083614034
0.9594136618835992 -0.2812456299022561 -0.020647543485665498 100.19904609775568 0.28158537196296635 0.9594041722497084 0.01591579612589664 11.19369879806244 0.015333091260031437 -0.021083878455471803 0.9996601254334846 -0.7452569452538569
0.9572015220932973 -0.2886928176549991 -0.020535411773295553 102.3779081490393 0.28899607571900277 0.9572321848307996 0.0137044716447364 11.83473065591643 0.01570077454456019 -0.019052594533582188 0.9996951957072936 -0.6750156855147527
0.9544619427009119 -0.29755179843099605 -0.021571443764555772 104.55385559199495 0.29780200026317366 0.9545811151635255 0.009426728616233665 12.49165860469037 0.017786752791376023 -0.015421472810013773 0.9997228663992402 -0.6553995655681569
0.9513642118516659 -0.3071810792085212 -0.02336495204687564 106.72443114840385 0.30737261403057153 0.9515760269839699 0.005014081511862904 13.164002113999079 0.02069329726938372 -0.011951964093040411 0.999714428225603 -0.6515201357402128
0.9485667197512886 -0.3154208977918689 -0.027033967826749123 108.8887845043138 0.3156500346530463 0.9488647075842099 0.004563148546173564 13.855105135895174 0.0242122655655779 -0.012861723729504266 0.999624100479221 -0.6294446789227418
0.9460282107965866 -0.32292254677783844 -0.027416293686961378 111.04708388552903 0.3231617833773234 0.9463321872809228 0.004674727851434589 14.573097657889198 0.024435346148640142 -0.013282322786728388 0.9996131720620677 -0.6129739934077985
0.9435908615004367 -0.32973952203639095 -0.030135256761517494 113.19613434215574 0.3301339298931973 0.9438905173175353 0.00907081315550802 15.31366609029701 0.02545337749974727 -0.018507807142935498 0.999504670648726 -0.5699882369748055
0.940851365549523 -0.3370362350662245 -0.0347172031706104 115.33274957057522 0.3376508023046905 0.9411743511926514 0.013519480762373715 16.070400556921207 0.02811838627312241 -0.024442113441131258 0.9993057287156565 -0.5235698604343115
0.9380589646267259 -0.34465005896244705 -0.03552063823502195 117.46785087678352 0.3453032859153106 0.938385483098494 0.014082820956328039 16.848978091976335 0.028478406197182275 -0.02547590954567864 0.9992697125467633 -0.5418255385002446
0.9351234013892089 -0.35287580616173714 -0.03198264529377781 119.6029555508073 0.3534365366075215 0.9353563442426146 0.013824755909771846 17.639781664203404 0.025036748294546718 -0.024231688153901008 0.9993928089215217 -0.47373712070222723
0.9319037176448385 -0.3614751739851256 -0.029852296932721435 121.72845721759019 0.3619143993709186 0.9321495198311783 0.01073499913757386 18.442303155063488 0.023946368570709784 -0.020807961719467315 0.9994966734118521 -0.4528708087886487
0.9285595699515219 -0.3701370540499134 -0.027851144872389363 123.84342452131804 0.37047033731638374 0.9288118956726076 0.007758326219911969 19.261298835089836 0.022996830654180393 -0.017522091093826533 0.9995819736787797 -0.4322013238629364
0.9252912337096261 -0.3784584662760332 -0.024603294984972105 125.95509550995911 0.37868227330779813 0.9255132153233446 0.0050024138448297 20.09835414398984 0.020877468777698437 -0.013945521353780077 0.9996847771830923 -0.4079411869396206
0.9220390744420247 -0.3865112884075516 -0.02128307157428067 128.05873094602353 0.38663291945456435 0.9222320033040503 0.001765694150088015 20.950961352329283 0.01894546901352857 -0.00985677509761934 0.9997719305864384 -0.3938987513823981
0.9190880658963411 -0.3935234148146188 -0.020407085033691343 130.14371064394678 0.39358032835501655 0.9192892856141908 -0.0013169992033884893 21.815539762415554 0.019278284645916147 -0.006821388977699531 0.9997908863325013 -0.39340727359709937
0.9167280205721512 -0.3989637396700586 -0.020920581405783095 132.21391827299362 0.3989925845161376 0.9169493828392556 -0.0029575009441834906 22.694495590888106 0.020363049845440816 -0.0056359328582719454 0.9997767663142668 -0.37955403306901864
0.9145483440333891 -0.4039189920595673 -0.021231445531985003 134.277350814896 0.4039091043809979 0.9147857693785691 -0.004942827186327567 23.583491664020535 0.02141872601102256 -0.004055119731438812 0.9997623688557354 -0.36652265937086376
0.9120067495189671 -0.4096881914401542 -0.01998185742996963 136.3304326233404 0.4096083274997036 0.9122252939950175 -0.008125948473480466 24.48158331283167 0.021557060902457074 -0.0007738153481697567 0.9997673200975605 -0.3187352704979872
0.9092175807307177 -0.41597543684702426 -0.016965459914691654 138.38656247522823 0.4158517774783657 0.909372612148437 -0.01042839596516858 25.398989265772393 0.019765881166147914 0.0024265642890901637 0.9998016912005503 -0.30808446474358847
0.9061890973911169 -0.422624989529832 -0.014471972719406874 140.43221317088035 0.4224689875128345 0.9062887154019408 -0.012677496794492342 26.33086285550788 0.01847361251524041 0.005374249715298702 0.9998149044101308 -0.30793428449860466
0.9028399863153982 -0.4297430238758956 -0.014173656550867846 142.45786251365445 0.4295354186806477 0.9029163187223502 -0.01553851613617424 27.2665145073225 0.019475194706648855 0.007940706194932519 0.9997788065248571 -0.29169524280239684
0.8993211809255076 -0.43701631994031565 -0.015432097867200562 144.4638657158435 0.4367232617905293 0.8993929141012049 -0.019109648756011424 28.211021594099044 0.022230747846181047 0.010446155769493452 0.9996982903255579 -0.2631257010469183
0.8957720411360888 -0.4442522817462113 -0.015243375025844608 146.4685677788742 0.4439355661980324 0.8958292267519049 -0.020278302727594864 29.1808526759822 0.022664143119166497 0.011397660302206009 0.9996781631886901 -0.24188647213235842
0.8923102518636277 -0.45119931752709175 -0.014198249264042485 148.47010479207768 0.4509178771196186 0.8923584788709971 -0.019220126975961774 30.175063766409238 0.021342036290230574 0.01074807192581424 0.9997144574511605 -0.228715280746148
0.8885110209143379 -0.4585983855984937 -0.015352082602194136 150.4494183597461 0.4582913254155513 0.8885804532641326 -0.019845380464009337 31.1769673487628 0.02274261995958902 0.010597112972861925 0.9996851876636051 -0.2260147268020382
0.8840555221068158 -0.4671487625537802 -0.014760334580372104 152.41270280765622 0.46677373988387644 0.8840753323109892 -0.02308858059795835 32.182840128382104 0.02383504955462368 0.013521850601215883 0.9996244544673017 -0.16893739203005398
0.8790795314394556 -0.47652939675777717 -0.011786069313551436 154.3717541731421 0.47608770748767143 0.8789549232576818 -0.02790587142899598 33.20286305558806 0.023657391727062216 0.01892027766043208 0.9995410701466593 -0.1180170977819616
0.8739555970888755 -0.4858956287809807 -0.010346605654533162 156.31407374675067 0.48537802146272074 0.8737106239988149 -0.03221679364138332 34.23892352163081 0.02469393848637924 0.023134032141692035 0.9994273490148761 -0.07348517334560271
0.868756032875552 -0.4951328563514937 -0.010315517609510567 158.2350351038862 0.49455517230848056 0.8684612153836502 -0.03450070893877754 35.294537493795225 0.026041061523475788 0.024871106440223906 0.9993514352714835 -0.008388398025062749
0.863695860795761 -0.50387262737782 -0.011909467815561786 160.1382704704551 0.5032495000975243 0.8634465297717346 -0.0346414618158239 36.37819403442992 0.027738073038122948 0.02392625345763259 0.9993288416230253 0.03298560100723461
0.8586973874314149 -0.5122477294950696 -0.015526121396430441 162.0240158862965 0.511593343884546 0.8585976070653237 -0.03289984247264086 37.48287611149984 0.030183560285337 0.020307948415404647 0.9993380508715074 0.07399908585458967
0.8537883358880166 -0.5203590305540986 -0.016491113436570053 163.9019398061644 0.5196990986304446 0.8537334615400892 -0.03243491220083456 38.61448403226446 0.030956814827787175 0.019122132924226667 0.9993377905634068 0.08555514700456048
0.8486636222106126 -0.5287859330924511 -0.012469695261566773 165.78122661954882 0.5280784057249787 0.8483965957741504 -0.03682952193273008 39.762369070199014 0.030054180130802233 0.024670898694111473 0.9992437605581013 0.04851320236896267
0.8429177411071088 -0.537988497950828 -0.0076195668846146284 167.65208152826062 0.5372437765990934 0.8423534384382323 -0.042541853001801244 40.913728918291675 0.02930539596114954 0.03176571774564929 0.9990656299481383 0.03487595969145543
0.8373442977930333 -0.5465904642392384 -0.009663920334618362 169.49135276841926 0.54569298199418 0.8367677506847466 -0.04515418935475955 42.06868676072571 0.03276730620296003 0.03253606947252276 0.9989332849732697 0.07230106098287273
0.8332734744175568 -0.552577443516173 -0.01770552877583079 171.29733591801525 0.5516422018201615 0.8331353329152996 -0.03970388166304672 43.245260706173 0.036690571038128554 0.02331707454294098 0.9990546111357785 0.18714889651893735
0.8306780780525879 -0.5561609739318218 -0.02566908097446498 173.0920474105015 0.5553316547709093 0.8309686624754332 -0.03313359614030443 44.455567480655475 0.03975781498358048 0.013268498746800654 0.9991212454395832 0.2523192489712207
0.8282076533416669 -0.5596415208999358 -0.02955420496482997 174.8991380924791 0.5588737127392146 0.8286877337116915 -0.030607404412368963 45.68946276064504 0.04162038149009372 0.008832218327497256 0.9990944578787534 0.22328443751713484
0.8243638416387069 -0.565315423051965 -0.029029796042320574 176.71334791785316 0.5644712021540266 0.8248079228018367 -0.032621349176632515 46.925999207066724 0.04238535758334168 0.010505376856391578 0.9990461043013198 0.20376000461907356
0.8193087154921971 -0.5727575782911964 -0.026114846898617157 178.52136804546723 0.5717249532942035 0.8195645281238663 -0.038007394304809886 48.14999530482134 0.04317182529467411 0.016209279783682088 0.9989361604975698 0.24743070304813441
0.8140876973091234 -0.5800709363511025 -0.02790931548233245 180.29825166186473 0.5789380602759602 0.8144061924728356 -0.03966454368580708 49.373692067373916 0.04573776835225526 0.01613265206502447 0.99882320461807 0.3765825508253725
0.8099605492351124 -0.5857189943159229 -0.029952769159249486 182.05300321871522 0.5846257240499022 0.8104027824214095 -0.03821116358816077 50.624202826435805 0.04665481177638111 0.013438375689753628 0.9988206738934362 0.5373193620058558
0.8065845667688665 -0.5902905704735567 -0.031279051460856175 183.8296906592841 0.5891196731200277 0.8070787801274286 -0.03952029112960994 51.90712021878529 0.04857311389274976 0.013449352327231812 0.9987290761406452 0.5601985340474142
0.8028053208613208 -0.5954335460744645 -0.031024329258641934 185.6149012988248 0.5940264537321351 0.8032204677578632 -0.044378513283557845 53.20116925307655 0.05134383179294232 0.017198034307025874 0.9985329431484967 0.5479432418800401
0.7985238972199104 -0.6013009196500878 -0.02822746174726521 187.38868594957907 0.599805662357658 0.7987532506600677 -0.04718487007147634 54.47684665673699 0.050919082596059866 0.020747254949296554 0.9984872550211399 0.6852274724286207
0.7943422980155924 -0.6067866325737171 -0.028814859242500417 189.1474173824778 0.6050936141946097 0.7945356343970629 -0.05074291806900353 55.766683260106674 0.05368455685035724 0.022871558825395686 0.9982959782312474 0.7926744511120829
0.7910431354718053 -0.6109736641287026 -0.031015150557291846 190.8782453927711 0.609172750989517 0.7913423058998256 -0.05182580771205793 57.07465021471358 0.05620780439410358 0.02210286484356567 0.998174406649914 0.9404894303979956
0.7881454833676262 -0.6146364525464024 -0.032384073993161205 192.60393656105018 0.6128040800518124 0.7885296311416136 -0.05188622440995257 58.396081394993786 0.0574269668280503 0.02104880074599424 0.9981277931548105 1.1095299456945096
0.7850476261273807 -0.6186069929031275 -0.032025193881125805 194.32387019325097 0.6170756552534742 0.7855195683731159 -0.04665451099739443 59.71764577856037 0.05401722322803172 0.016864045607823012 0.9983975879179986 1.3732485517613744
0.7820278275627786 -0.6227841503437908 -0.02392444352567375 196.03925004817557 0.621507263950683 0.7821377870272599 -0.04460048161885224 61.05407240645138 0.04648868436495022 0.020009602311460536 0.9987183877557079 1.6366995784909368
0.7786731181148623 -0.6273248980382742 -0.011473771243846943 197.76403162860686 0.6261346305975273 0.7781101814920357 -0.049999698248350745 62.40798658508259 0.04029391383053932 0.03174929542051885 0.9986833245571516 1.7602890015262782
0.7750330020313723 -0.6318752310037256 -0.007585394270391572 199.48995263478682 0.6306804087743186 0.7742077416296907 -0.05333474279407153 63.7693831974578 0.03957357389097926 0.03655222626109542 0.9985478791749848 1.8445988184348538
0.7718045202082893 -0.6358527935479111 -0.0030012536337992108 201.20242847985182 0.6346189859302491 0.7705844850157358 -0.05880726273080188 65.14300128028134 0.03970548177408927 0.04348305865910842 0.9982648437798172 1.9257697066656898
0.7691062967700465 -0.6391168974922177 0.0022573454746812774 202.91149100531942 0.6378947993113744 0.7674073905625157 -0.06462292102285415 66.53013510271698 0.039569297190688066 0.05114184441289899 0.9979072013318117 1.9895442739356148
0.7667099646047333 -0.6419929148794459 0.000963026690106783 204.62342500724205 0.6405995327076615 0.7649453721778758 -0.06701355294543729 67.9238647717768 0.04228556338198856 0.05199687325450128 0.9977516005004604 2.050826710048277
0.7653537131691854 -0.6436098498323762 0.00023438620014398065 206.32253098537146 0.642135170973971 0.7635753471673579 -0.06793461118216458 69.328081698041 0.0435444133772278 0.05214451454367813 0.9976897482016364 2.1398292319796686
0.765070562146236 -0.6439157000770811 0.006293340248983809 208.0164076258776 0.6427984393634216 0.7630868248352722 -0.06714658676929229 70.73916127279129 0.038434376399130415 0.05541722617621348 0.9977232731342651 2.22471873326889
0.7655426317950277 -0.6432137623509947 0.014850415032091967 209.72183296560146 0.6427388000939234 0.7635354094971114 -0.06245408952099167 72.14479211673148 0.028832512172272607 0.05735620599688601 0.9979373486724934 2.3514862751494
0.7670863052409677 -0.6413057877472794 0.017478183933316734 211.4350282588494 0.6410910312859682 0.7652367565440497 -0.05843796744095763 73.55908810046276 0.024101657960661684 0.05603207149289224 0.998138025048525 2.4080370280891312
0.7690322090708415 -0.638965339915061 0.017684903133930965 213.1600090877183 0.6388531636056072 0.7673842779582649 -0.05466264989527539 74.96574608242953 0.021356422048799215 0.05333539471780036 0.9983482553235506 2.5021401057264536
0.7705246918333336 -0.6373786475548634 0.006337106302060309 214.90321251200942 0.6366849253937987 0.769135853809946 -0.055338451011318034 76.38129432376236 0.03039745139705552 0.04667438296516989 0.9984475434009499 2.4948157426233006
0.7704446387860906 -0.6374139569296476 0.01088604965375489 216.6369043224496 0.6363208424407718 0.767857976554594 -0.07409394926001034 77.79365106339498 0.03886957732256285 0.06401230626039325 0.9971918474426061 2.5655613473444787
0.770079207476535 -0.6378130115449956 0.013136838136300349 218.36647389990603 0.6367651359812492 0.7672344561327784 -0.0766906182098878 79.19458197901126 0.03883523929488748 0.06742293101418116 0.9969683909544839 2.6923947720829418
0.7701656554446005 -0.6375431048576711 0.01958705240799702 220.1013732767662 0.6369496066487611 0.7670975454131698 -0.07652812823447282 80.6047683088636 0.033764800659498356 0.07141530136833382 0.9968750137138065 2.791328846633699
0.7705390759107291 -0.6369141400554484 0.024696370018138486 221.8443028259269 0.6367515531624603 0.7674483925647233 -0.07463527513857543 82.0162717851886 0.028583072610083728 0.07323484790214566 0.9969050431274404 2.9101170285175235
0.7709525080737673 -0.6364771659631765 0.023001032634544394 223.59441732797745 0.6361625123910482 0.7678375850518594 -0.0756485347513897 83.44007890295211 0.030487507656023982 0.07295382230706994 0.9968692249677087 2.9456603943091055
0.7710324832470529 -0.636455814828528 0.020806382406410216 225.3495871671109 0.635918420108053 0.7678444432827344 -0.07760588822440953 84.85786842975536 0.03341665370978069 0.07306782254030836 0.9967669840860832 3.0124891672002567
0.7711934309938965 -0.6363117217471762 0.019185535150498232 227.10135508564858 0.635538369105058 0.7678160443767762 -0.08092900217399086 86.28764192962139 0.03676511100410614 0.07460505857342818 0.9965352035167242 3.0633392522881095
0.7710704764705736 -0.6364291407271586 0.02020567120236797 228.85789530631357 0.6356888880039496 0.7675670583677258 -0.08210023493884154 87.71658042570833 0.03674177436847792 0.07614958793064557 0.9964192301808794 3.1275709925712776
0.7709986164267226 -0.6364631087967402 0.02181386276827546 230.61918415064508 0.6357988140190146 0.7673353199337898 -0.08340488519335904 89.15519123297554 0.03634558515271428 0.07817427916455282 0.996276959744135 3.179307721779669
0.7712977083551916 -0.6359971855138465 0.024645995709248164 232.38830055709903 0.6355215202439407 0.7674469385177443 -0.0844842817722103 90.59572752884512 0.03481727147350077 0.08082559358400739 0.9961199631715756 3.242289327025211
0.7720925125772503 -0.6349815779797467 0.02591423640595484 234.16798204773022 0.6345656465316052 0.7680814603564926 -0.08589127137583462 92.04033268444766 0.034635130490205154 0.08276029170434043 0.99596744015703 3.3162617581309934
0.7729010847798893 -0.6339384210495748 0.027312844290681593 235.951326536076 0.6335634557867669 0.7686420496915645 -0.08824254607315951 93.49005456521391 0.034946539708517264 0.0855071795998547 0.9957244908102278 3.3698620450162338
0.7732836231147888 -0.633502370413099 0.02659294837837274 237.7497757384779 0.6330782204275555 0.7690731866960061 -0.08796817791408129 94.93415947234443 0.035276125676494414 0.08485976777150946 0.9957682535464915 3.441225482711472
0.7734350700094035 -0.6332250507101908 0.02870936489423834 239.54712756173527 0.6329277638415834 0.7690102832312151 -0.0895858808246767 96.38745120393489 0.03465022709941668 0.08745981613131051 0.9955652376033648 3.493767920551546
0.7733157533402427 -0.6331983652864132 0.03228894291288941 241.35458978366154 0.6331188496354065 0.7684972933897831 -0.09258743051252122 97.84116738997236 0.03381224441162528 0.0920420569695799 0.9951808839988162 3.5673740721713565
0.7731714743875711 -0.6332544233148188 0.03456452727242628 243.16099355058677 0.6332930679924674 0.7680129967300764 -0.09537256883592639 99.304574965472 0.03384909490719339 0.09562882518306784 0.9948413775914574 3.614100699359477
0.7731279367927714 -0.633399958114677 0.03282813444103157 244.9769574960222 0.633275216055747 0.7680362114728845 -0.09530413734939881 100.76771882759321 0.03515244059945276 0.09447153500760733 0.9949067468829463 3.6576886703956433
0.7731909724362189 -0.6332603732358154 0.03401499422858633 246.78659980716068 0.6332256252959514 0.7679931714819555 -0.09597810180258314 102.23747801832633 0.03465584527441697 0.09574856785515677 0.9948020828999109 3.721420325183718
0.7732418106935507 -0.6330464130610504 0.03673337863439946 248.6043605081661 0.6331975756798204 0.7677223691426095 -0.09830154663709577 103.7101237026302 0.034028405025153856 0.09927035221347548 0.9944784888688423 3.790215424874475
0.7732165937864697 -0.6329995496729026 0.038048248411105864 250.4287914022857 0.6332299978309603 0.7674967961924558 -0.09984206368713497 105.18294529418193 0.033998072596111754 0.10129283265961501 0.9942755619603352 3.84992683278287
0.7733200304497408 -0.632925551640761 0.03716687484105965 252.25470488163776 0.6330359489365704 0.7675389756891917 -0.10074427106267572 106.66271502349589 0.035236598291915576 0.10143553064984268 0.9942178912404456 3.89731361763809
0.7734656081777802 -0.6327454730988286 0.037203753024619236 254.08008682385827 0.6328422092345218 0.767629371893456 -0.10127134647873232 108.14511854625724 0.035520292472673624 0.10187400885107134 0.9941629620657106 3.9602684614007724
0.7734253772471777 -0.6327980781689571 0.0371453643909466 255.9136858340931 0.6328380699519309 0.767447931159311 -0.10266279841693517 109.6289256883734 0.03645768848369341 0.10290901430369725 0.9940224201321959 4.018033537043933
0.7732912193686001 -0.6328098477134285 0.03965333131442883 257.7452138360386 0.6330345023368986 0.7670002719925116 -0.10477548193387724 111.11748663026066 0.03588884086310234 0.10612388703921068 0.9937050426063019 4.080752780219477
0.772996055301251 -0.6329443494973976 0.04311089106040544 259.58279155378557 0.6334263113747023 0.7662280901231473 -0.1080075088336934 112.60845893341943 0.03532996669885545 0.11079695097582967 0.9932148957338075 4.137759580671939
0.7726331978972356 -0.6331145502547261 0.04694579600824367 261.42458672462624 0.6339441718947374 0.7654604563055334 -0.11038603513673162 114.10087935957573 0.03395185455589801 0.11504892910527528 0.9927794394949693 4.186912084889085
0.7723156124600966 -0.6332479061898006 0.05025618426243359 263.2738352807279 0.6343975962346522 0.7648044868311114 -0.11231111616702515 115.59031878975462 0.032684623939688295 0.11862203096062715 0.9924013951666424 4.268640097652716
0.772073336143395 -0.6334086325341595 0.05192559915508622 265.12495479899957 0.6346564771257774 0.7641394645793411 -0.11533444721627005 117.08599645266854 0.033375434959012185 0.12200156926693263 0.9919685970017922 4.331513729641192
0.7720001204946276 -0.6334436665720788 0.05258265147367385 266.9724812132247 0.6346755189499943 0.7636940801076179 -0.11814540894220968 118.58999957218938 0.034681401382204595 0.124581191551094 0.9916031096713431 4.378649137232464
0.7719602093092266 -0.6333951981524676 0.05373972646610498 268.8268220811619 0.6347025393079277 0.7633604341916789 -0.1201396441926934 120.09101559920212 0.035073092810890515 0.12685176572707835 0.9913014212098167 4.454873891491578
0.771969827685134 -0.6333411281474126 0.05423652404743416 270.6788868818625 0.6346416837407253 0.7630978125416145 -0.12211331521553069 121.59949854801893 0.03595161195996763 0.1286885538467021 0.9910331668043838 4.51835834116874
0.7718079681151674 -0.6331478375389691 0.058619759242637175 272.5293198443957 0.6348697732078119 0.7621976856700926 -0.1264715739848422 123.11589146824183 0.03539535874937702 0.13482768179743818 0.9902366711045056 4.575404546549589
0.7716235611767501 -0.6331686389994933 0.06078284646543031 274.38906675025504 0.6350798439911308 0.7615301949118011 -0.12940384072268687 124.62831944958121 0.03564648079557814 0.13845301305899146 0.98972728141735 4.6397749959415595
0.7714178879051097 -0.6331503241526039 0.06352250975420533 276.2504658684114 0.6353442333226998 0.7608255592807311 -0.13222017065766076 126.14129963350211 0.03538569490075205 0.14235566504570568 0.9891828532813267 4.71802705352282
0.7712666581896022 -0.6329442830039093 0.06729990028010166 278.116349904024 0.6355486375809625 0.7599669356585963 -0.13611827935532056 127.65481385394716 0.03500958774428173 0.14775585036925065 0.9884040355277978 4.789726629456452
0.7711890889700004 -0.6327472260261523 0.06998812049077635 279.985699375591 0.6356572882931264 0.7593715812146891 -0.13890505204390508 129.17036247559125 0.03474479663847475 0.1516105194229698 0.9878294637774522 4.868579896283976
0.77127385853342 -0.632563148622152 0.07071420047063252 281.85060124190034 0.6355518651160715 0.7592806529058648 -0.1398810811736684 130.69273829876485 0.03479169283682895 0.15282916321194467 0.9876400077869896 4.928345159558385
0.7712990611863657 -0.632406927125727 0.07182782703400938 283.72084604150115 0.6354707977025205 0.758834852286515 -0.14264127110557134 132.21860364449034 0.03570186942376876 0.1556635650326984 0.9871647436172745 4.980240700690629
0.7712526831129126 -0.6323763508031012 0.07259097558297209 285.5898020821931 0.6355259257495934 0.7586132975345229 -0.14357110609000603 133.7428037008446 0.03572249279171692 0.15686304774784104 0.9869741069349308 5.046388120981092
0.7713003194251479 -0.6321761453750309 0.07381828007637446 287.4584519637316 0.6354688457707522 0.7583813564892591 -0.14504159466955333 135.27240365493984 0.03570942885922143 0.15877984553547583 0.9866680279315221 5.113304128632063
0.7710449872034385 -0.6322723996988652 0.0756388807921513 289.33462425561453 0.6358024404850269 0.7578284658211557 -0.14646253126457018 136.80021467118792 0.035282919121475055 0.1610205855478803 0.9863201745113426 5.168593829016444
0.7707966786251367 -0.6324553684964762 0.07663345927495235 291.21140807132593 0.636102500722101 0.757359328531993 -0.14758203163205932 138.32835868491415 0.03529998293975144 0.16250247489052447 0.9860764964539552 5.242892271735089
0.7706449140196359 -0.6324483784693087 0.07820143903542752 293.0860512850284 0.6362949964787425 0.7568890597106858 -0.1491563902297811 139.85957516815964 0.03514390347961372 0.16470579789978973 0.9857164430942645 5.314842597191336
0.770523010196796 -0.6322427623922803 0.08101469101248548 294.96325266194526 0.6364150586105354 0.7559720271872358 -0.15323892222329738 141.3934514663102 0.03563935929581759 0.169633084959834 0.9848626566968578 5.38109614152991
0.7704341814040179 -0.6323269910849455 0.08120189942225171 296.84543117039794 0.6365130886931012 0.7557983588454464 -0.15368776362770492 142.9255320890887 0.03580865882281058 0.17009237817132977 0.984777296063091 5.435651880308819
0.770349340991623 -0.632265072547274 0.08247891167179396 298.72859006801036 0.6366041397454626 0.7553514778887186 -0.1554969906790977 144.45691493141203 0.0360147482666603 0.17229342090778857 0.9843870758086886 5.512320693597098
0.7703207116328138 -0.6321185216616255 0.0838580693901162 300.60324611156267 0.6366528810847787 0.7550522417098693 -0.15674572177682913 145.99874194565592 0.03576465064788512 0.17413295742395157 0.9840724581568284 5.575264232357794
0.7701508770390286 -0.6322491010115221 0.08443163427376317 302.4876072875711 0.6368511344053452 0.7547164519737206 -0.15755541795448055 147.53277566748963 0.03589232790777806 0.17511182538683792 0.983894094609298 5.651771247354486
0.7703238700288 -0.6320888100720532 0.08405278963573867 304.3720033426516 0.6366399541770487 0.7549625282782843 -0.1572296080294484 149.0650068368585 0.035926369275189766 0.17462908428250648 0.983978647590158 5.743997872788666
0.7708199939937984 -0.6314984320373295 0.08394204663811868 306.24986345312936 0.6360462232210357 0.7554864582445358 -0.15711592323940668 150.60643186266125 0.03580137966135322 0.17449911674134963 0.9840062598738043 5.805238874934622
0.7713462809239177 -0.6307920580406157 0.08441738220133542 308.1324289027431 0.6354289676353162 0.7559615251182168 -0.15732831795593316 152.15232341843773 0.03542516047608291 0.17499586296199585 0.9839316571548199 5.841998845874046
0.771641372908717 -0.6301405077008173 0.08655941410446079 310.0201988465928 0.6350416986867384 0.7555520164326198 -0.16082036995869367 153.69299096503187 0.03593928970655344 0.17906448843684047 0.983180693685673 5.8979504424803775
0.7716681018240735 -0.6298093390249219 0.08870477497983714 311.9146535722056 0.6350099605582122 0.7550284732041392 -0.16338407095819255 155.22258043464365 0.03592618291843747 0.1824066915658703 0.9825665922739816 5.979797714283939
0.7720321547044352 -0.6290098466146864 0.09117546251156312 313.79585375237315 0.6345829830540168 0.7547987678236222 -0.1660820812435679 156.7717528252273 0.0356481376889883 0.18607910402218683 0.9818878639262262 6.006417792152662
0.7722115866177907 -0.6284047425358691 0.09379096465899041 315.6943005274178 0.6344166715566344 0.7545469289004295 -0.1678523724524602 158.30145098982484 0.03470954255297361 0.18912009847011788 0.9813403262937971 6.1000244494390605
0.7724966722252061 -0.6279047926208163 0.09478640622364398 317.5898338726511 0.6340538273048352 0.7544559974400924 -0.16962279329958332 159.83678414200352 0.034994792199317816 0.191132727000045 0.980940184307103 6.164196919495361
0.7728490983886352 -0.6273083267372228 0.09585684287530491 319.48362858990083 0.6336161547920993 0.7544443780924238 -0.17130163090641598 161.37432661246766 0.035140283242299 0.19312675519168807 0.9805443472494147 6.235484847668457
0.7732487976240652 -0.6267432708676423 0.0963284454097954 321.3760322008567 0.6331480359467572 0.754790636880953 -0.17150702333606244 162.91647137100264 0.03478306412180568 0.19360776559570977 0.9804622234187993 6.281482197577687
0.7733997972590757 -0.6262409068757203 0.09836198531494357 323.2791734832191 0.632995113703926 0.7545475691475332 -0.17313333567077638 164.44779252662454 0.03420438022496988 0.1961639427851432 0.9799743710548829 6.359936114040917
0.7735625894932158 -0.6259645447682687 0.09883981399014134 325.1771521305158 0.6327946035205393 0.7545549087451967 -0.173832906677069 165.98624050065766 0.03423316946813353 0.19701593433418196 0.9798024350483091 6.4134129940932025
0.7736743105327627 -0.6258050749793289 0.09897509460350055 327.0835980888201 0.6326675353167679 0.7546743228163908 -0.1737770302364941 167.51656358385438 0.03405658494124972 0.19706515321519186 0.979798690757654 6.4852565590873
0.7739519871808155 -0.6250409332422359 0.10159799855579127 328.98630916496745 0.632355724045673 0.7543575348519729 -0.1762695319070038 169.05401762671366 0.033534456988885145 0.20067023043719703 0.9790847250420891 6.553862093233938
0.7743429338667919 -0.6243167339207581 0.10306132406042358 330.8875697971011 0.6318592005866699 0.7541905613685391 -0.17874716159024545 170.5924581343365 0.03386696627311269 0.20353184735837573 0.9784824043928142 6.615858796948828
0.7745945464965694 -0.623830956681062 0.10410680104664431 332.79621280172205 0.6315353004043214 0.7540247991704151 -0.18058174486704173 172.12420846462857 0.03415337290807224 0.20562475464397134 0.9780347679896706 6.69450791725998
0.7748802072185249 -0.6234872857117235 0.1040397472930634 334.7034118046183 0.6311790587227288 0.7542683924417144 -0.18080981166205667 173.6584991104426 0.03425872576244296 0.20577365409402373 0.9779997663547406 6.759822755143291
0.7752097751176388 -0.6230830631200512 0.10400625469170127 336.6143024174013 0.6307760732611762 0.7545872561459656 -0.18088564968869378 175.1906504405169 0.03422499033266299 0.2058289807462141 0.9779893050139676 6.838340956638794
0.7756353602635928 -0.6224662516652947 0.10452537226207782 338.5153718502013 0.6302737836311714 0.7549489953582617 -0.18112695016144337 176.73283166432427 0.03383408896385678 0.20636806910299413 0.9778892956151466 6.892704826764537
0.7757838672383757 -0.6218358286491111 0.10714286509583926 340.4273009646883 0.6301577453604099 0.7547359547827956 -0.1824139647076775 178.26768515268142 0.03256696631489627 0.209030717279456 0.9773666415110963 6.959058980161395
0.775856885033972 -0.62128552595225 0.10977426468721951 342.3363939731866 0.6300664340398714 0.7540133501126723 -0.18568833175009192 179.80707689733188 0.03259421178158653 0.21323265015960716 0.9764576049497733 7.008361014646285
0.7758010987332933 -0.620973994250719 0.1119104716660794 344.25233756413445 0.63013291351601 0.7533056414313588 -0.1883165470464576 181.33872352907127 0.03263688876164076 0.21661465567219995 0.9757114965193215 7.076690761023832
0.7758556330350729 -0.6207205838482998 0.11293357992542961 346.1670663613277 0.6300702777886398 0.753073220250099 -0.18945228948069978 182.87232974675035 0.03254968102904225 0.21814371806027394 0.9753736907133322 7.143119802145918
0.7760150319238602 -0.6206349120806876 0.1123075070278429 348.0816153484363 0.6298556549373966 0.7532849090555466 -0.18932432419672682 184.40628097493865 0.032901735084847755 0.2176560398788952 0.9754708217741027 7.206435005013437
0.7763452955267638 -0.6203095471518283 0.1118214998368263 349.9892268689204 0.6294462857207734 0.7537134281982829 -0.18898000303180712 185.9510628708307 0.03294473411312371 0.2170993640383941 0.9755934146089449 7.24224644550218
0.7765615696329012 -0.619881035105016 0.11269263900725829 351.9037671850134 0.6291774875169228 0.7536273278313277 -0.19021445777777407 187.4894367043094 0.03298208257792584 0.21861690937101858 0.9752532128457136 7.304361078045118
0.7765563401577643 -0.6197574026639993 0.11340640371669494 353.82513268425856 0.6291555012199825 0.7532148969502626 -0.19191319469183407 189.02293681729554 0.033520230390191634 0.2203816708698088 0.9748375830358716 7.354529699688069
0.7766213548130414 -0.6195863770595768 0.11389465575937367 355.74015346798797 0.6290648919144585 0.7530531520602268 -0.19284271293672384 190.55942197411616 0.033713988328394257 0.22141289830164654 0.9745971965159033 7.415672159461284
0.7768545046788359 -0.6190500275386819 0.11521346260120775 357.654006343529 0.6287957667024002 0.7529731617395852 -0.19402912533179495 192.0997625341599 0.033361090170157544 0.22317813760366492 0.974206629292995 7.4723038835157745
0.7769565461471561 -0.6186946509436748 0.11642789310456655 359.5698244706237 0.6286790470315229 0.7527447684970671 -0.19528945010886065 193.63984487894058 0.03318405072648589 0.22492719354042556 0.9738103390205972 7.523279391093679
0.7766706917860953 -0.6189639763150317 0.11690266269335003 361.49163076839676 0.6289725422442393 0.7519418840129485 -0.19742579408442096 195.17676138573728 0.034295446101878416 0.22686339301732453 0.97332256897975 7.577371543600632
0.7761078717882423 -0.6196598161851853 0.11695419425428726 363.4178146599116 0.6296313121750536 0.7511944612878443 -0.1981698565856408 196.70608857131998 0.0349425539570999 0.22743920843996693 0.9731651578160598 7.644983984497982
0.7754710106199215 -0.6204938910439544 0.11675633972188398 365.342518134312 0.6303863794908997 0.7505066002814116 -0.19837554155283407 198.2357912543318 0.03546440808009741 0.22743608797013953 0.9731470092685727 7.732495004084888
0.7749839539874446 -0.6209949038582055 0.11732519100400221 367.25662585466984 0.6309775674370316 0.7498461820264644 -0.19899249405836356 199.77968018956093 0.03559747818640168 0.2282455534779651 0.9729526128565084 7.7873581832682515
0.7745026714716056 -0.6214017781118977 0.11834459025540203 369.1744315543 0.6315939264627447 0.7492606851224758 -0.1992424096048788 201.32338518649087 0.035138638828469924 0.22905950294445362 0.972777991204634 7.847832419323673
0.7738018500400292 -0.621991688137085 0.1198208527886858 371.09793760481136 0.6324630499281195 0.7482383739430094 -0.20032430265629073 202.85928669890606 0.03494549112900005 0.2307935780031381 0.9723749981371711 7.935017844365951
0.7732457824539478 -0.6228209279312854 0.11910101447089143 373.0155953179672 0.6330866873036449 0.7476148575650071 -0.20068201490651355 204.40318282069893 0.035947270773691885 0.23057778834670312 0.9723896735594568 7.995160930037174
0.7730858772258954 -0.6230996514373964 0.1186804567418902 374.9240596386373 0.6332697522683656 0.7475313293647751 -0.20041539980770465 205.95587728148507 0.03616140616498375 0.2300950586099522 0.9724960754200787 8.051131360661442
0.7729469396234067 -0.6232951423871965 0.11855882085840411 376.83361759938435 0.6334346905219067 0.7474183948927735 -0.20031534094849915 207.50587901009425 0.03624253537246672 0.22993239974484797 0.9725315265724567 8.125681176153206
0.7724725695561122 -0.6240282024188081 0.11779190069495371 378.7468898803568 0.6340266764763712 0.7473308743781593 -0.19876301898866974 209.05115367813667 0.03600420530581032 0.22822218732436517 0.9729431280466406 8.201416155102077
0.772076111428021 -0.6248978659486278 0.11576327265172734 380.66001141755635 0.6344998919515353 0.7475617059095385 -0.19637052470036798 210.59571292083004 0.036171332235276306 0.22506477509921818 0.9736721633762905 8.27236286123588
0.7718402606370732 -0.62507914403379 0.11635581529807892 382.56914134154255 0.6347979455330955 0.7472359134385711 -0.19664703917062304 212.14411943276272 0.035974718993402904 0.22564253446901214 0.9735457186140507 8.34858322574482
0.7714302276412607 -0.6254807711120886 0.11691539184547556 384.4754689591139 0.6353063814996392 0.7467603990548493 -0.19681135137299446 213.69541422850182 0.035793931150211775 0.22610332012701562 0.9734454700291929 8.40612766997519
0.7708107329023762 -0.625948188375736 0.11848915356114714 386.38589379311156 0.6360628815275697 0.7457464979959507 -0.19820739509313792 215.23956632009742 0.03570468856249387 0.22814693992227933 0.9729718130648788 8.487705757409161
0.7703075001442383 -0.626493574844776 0.1188787445246149 388.28717483995905 0.6366290243214602 0.7449034396414602 -0.19955538329449768 216.79205201751688 0.03646697976304567 0.2294006675851764 0.9726486997361579 8.539185739530232
0.7699123486511861 -0.626763010283482 0.12001293403131051 390.19308746329284 0.6370807501812853 0.7440276261051345 -0.20137281182124778 218.3349953824878 0.03692009131710671 0.2314973445479156 0.9721347058532586 8.633361501721401
0.7697374463637732 -0.6269027824152229 0.12040417378741698 392.09093457917123 0.6372599367369565 0.7435468928168055 -0.2025778645668641 219.880878328152 0.03747047765089313 0.2326605243321601 0.9718359139906795 8.72728819986013
0.7695896475661985 -0.6271558887385853 0.12003026943005028 393.98691990060155 0.6374170932148339 0.7434057384654731 -0.2026014740670526 221.43000190886488 0.03783151644441397 0.23242934246155228 0.9718772438566549 8.799337287501448
0.7692286671009779 -0.6276804995780944 0.11960120467389623 395.87808449348347 0.6378728769255537 0.7433498826872669 -0.20136818217267966 222.98338143594003 0.03748933972168415 0.23118854287833834 0.9721864055051501 8.85542550192408
0.7687871268836336 -0.6281085186395342 0.12019169002247371 397.7739998741441 0.6384021132437803 0.7427529842530881 -0.2018929077233604 224.52675364535247 0.037537918747334066 0.23194329737151428 0.9720047383940827 8.949611740543112
0.7683635417680393 -0.6285835605747165 0.12041667266988812 399.66577831277846 0.6389112437651079 0.7423031287006715 -0.20193684089760186 226.07068204514246 0.03754850559204248 0.23209647239110537 0.9719677655310441 9.029664312596093
0.7679730668354372 -0.6288166922618653 0.12168375466026855 401.5466854810011 0.6394088635079856 0.7417279680450848 -0.20247450873411646 227.62166115487406 0.037063106761276145 0.23330064070324563 0.9716980689312182 9.09602631188562
0.767433677328044 -0.6292573846634577 0.12280348020012184 403.43310912135934 0.6400885562054732 0.7410980459370516 -0.20263347828792372 229.16604823278465 0.0364991933821392 0.2341128577305779 0.9715240494849712 9.156540745640859
0.7670042818149793 -0.6298352843645978 0.12252324778120798 405.31383593264457 0.6405767669374873 0.7406424475576351 -0.202756431552092 230.70605780731 0.036957236603978996 0.23400059710434803 0.9715337787320665 9.235302442434897
0.7664464108222311 -0.6305218733755031 0.12248292343329618 407.18761172519265 0.6412413131379934 0.7401456259674376 -0.20246982660712212 232.24153773310996 0.037006454339477676 0.23372338256217634 0.9715986325540584 9.330490687640058
0.7661977635471188 -0.6308366543089202 0.12241773856644375 409.0568973915145 0.6415412026374347 0.7399649566428228 -0.20217998975933632 233.7769998845535 0.036957711697361 0.23344587921165533 0.9716672007560989 9.401827863932299
0.7665022774576146 -0.63053359224933 0.12207230520247617 410.92135407225396 0.6411896723936541 0.7404222682862691 -0.20162010971507954 235.30248729036305 0.03674319893540253 0.2328137746589775 0.9718269823693068 9.52334652363748
0.7666797850473456 -0.6305705764365257 0.12075949375624283 412.77991608570005 0.6409607473509362 0.7408930226441682 -0.20061617420463068 236.82599175268786 0.03703279026866262 0.23121046068395015 0.9721986912741829 9.61355770669179
0.7668633603093716 -0.6304885656818441 0.12001981152905473 414.63278944233133 0.6407503705645096 0.741348031419472 -0.1996047567867614 238.346355737982 0.03687206580135825 0.229972313235556 0.9724984246304099 9.707175098680533
0.7668809568287832 -0.630504219543239 0.11982498567302703 416.4783974914711 0.6407428211742526 0.7415096394730888 -0.1990278665969531 239.86624510079176 0.036636527769793974 0.22940768013876336 0.9726406742093021 9.769083148531351
0.7669753354503268 -0.6304765980789038 0.11936538059970223 418.31614505755016 0.6406735028320678 0.742013128133983 -0.1973676276538155 241.3804661500914 0.03586499100439335 0.22785033893251525 0.9730354184039729 9.8468188182633
0.7670480508618405 -0.6307920127437926 0.11721230450633882 420.1522847134909 0.6405955572432802 0.7428045458745537 -0.1946246096161903 242.88399042677466 0.03570181660953114 0.2243721089768532 0.9738493399926195 9.892783378292215
0.7676610288354935 -0.630588283040262 0.11425831304358751 421.9803193836145 0.6398999961057134 0.7444992088551666 -0.19039149927957422 244.37758868619198 0.03499342497009159 0.21927002829012773 0.9750364684987486 9.962363142214729
0.7684973034277836 -0.6300971445674155 0.11130805466009866 423.80221376996485 0.6389182686143324 0.7462747429320346 -0.18670151068637592 245.8614567538915 0.034573698892178754 0.2145963570746337 0.9760907042253868 10.034425300524077
0.7695511180046958 -0.6290062649769774 0.11019163034203697 425.6112731193683 0.6376608882830711 0.7476295421496392 -0.1855765590239 247.33727307864982 0.034346300117563996 0.21307554135757031 0.9764318436754379 10.148139766121036
0.7700577999074665 -0.6285723249376161 0.10912294499413455 427.42283558217963 0.6370536173809122 0.7484296813799507 -0.18443345849217557 248.80122669333502 0.03425891684751054 0.21154159012358195 0.9767683872159381 10.234193065995155
0.7705833879836066 -0.627918383894616 0.10917758621109538 429.222048809494 0.6364303452713567 0.7489654601034125 -0.18441029035780762 250.26337426803042 0.03402437040543884 0.21158743521118123 0.9767666555934793 10.323983670946019
0.7704075212574967 -0.62815848619303 0.10903745876331558 431.02437187131585 0.6366428491756562 0.7488456762505872 -0.18416306837769908 251.7129753724051 0.03403136470053883 0.21129853142998883 0.9768289496284146 10.406122556739955
0.7702649565970342 -0.628568881921596 0.10767106072852059 432.8172700220742 0.6367965833056377 0.7490008682730036 -0.1829967508360135 253.16033499929526 0.03438034509474113 0.20952054793291644 0.9771996376713713 10.480748631520413
0.7698332933101606 -0.6293689708367007 0.10607261220119622 434.60983632543605 0.6373153365571733 0.7490545307809647 -0.18095986213940127 254.60019346626154 0.03443635143634842 0.20691062917223232 0.9777536137674487 10.537935687876253
0.7696572265756586 -0.6295651928201763 0.10618578798107013 436.37927024848705 0.6375371639610479 0.7489179734811935 -0.18074355746557647 256.04359696829016 0.034265407459534 0.20680797128279485 0.977781337961371 10.640024805445796
0.7694321230510263 -0.6300156281414849 0.10514045993185493 438.13240081493205 0.6377967984619752 0.7489409404310912 -0.1797295513204018 257.4862453184873 0.03448843123198976 0.2053479389808223 0.9780811684453835 10.729891764201788
0.7688147030445507 -0.6308146871980488 0.10486554628546145 439.8858324259229 0.6385445747953853 0.748480392807565 -0.17899141762106724 258.92196841229025 0.03442060984204726 0.20457255924940024 0.9782460271425865 10.815694108838072
0.7680358885743064 -0.631705356795634 0.1052103419706296 441.62318537119955 0.6394854607632673 0.7477010011051539 -0.1788897940597157 260.365780759963 0.034339763165535324 0.2046742659496779 0.9782275939287839 10.862334530140787
0.7672722279111568 -0.6326154633127297 0.1053138350544258 443.3546701949856 0.6403987440349732 0.74696115373507 -0.17871341149781458 261.8042934233894 0.03439152387837021 0.20456468509589265 0.9782486967519783 10.922137490982722
0.7662235434890589 -0.6337566634019907 0.1060847444105286 445.07601724871563 0.6416522788775347 0.7457852526750047 -0.1791276357900455 263.2452401735789 0.034406894866217376 0.20532132983702323 0.978089626312243 10.955231605053227
0.7655673678342116 -0.6345502729936686 0.10607806724794057 446.7877050798725 0.6424242339215243 0.7451264442187595 -0.1791024449755954 264.68075426073614 0.034607932295041686 0.20526210846027287 0.9780949636168806 11.023558269208753
0.7643545248596324 -0.6360365145479728 0.1059231442522057 448.49650887877016 0.6438515077745044 0.7439767503046025 -0.17875634518160857 266.1075886441126 0.03489120609984349 0.20483199742193225 0.9781750643770482 11.09082863367614
0.763273933549485 -0.6374042869878173 0.10549254615113816 450.19068899786055 0.6451064263521625 0.7429639447162154 -0.17844404033435182 267.5308922830017 0.03536383806993629 0.20425560403881546 0.9782786142892546 11.185625038847826
0.7617364170089428 -0.6394425641931237 0.10426331138277747 451.87791696996214 0.6468747318768165 0.7416407078715018 -0.17754475967242667 268.9499917867975 0.036203760325038976 0.20268761068691177 0.9785739727850727 11.275960737792877
0.7602260542470799 -0.6413311105457846 0.10368583842563692 453.547124695092 0.648614456781265 0.7402297678917636 -0.17708522575651348 270.3701679336961 0.03681892038420411 0.20187693620868252 0.9787185855641749 11.393570172960786
0.757701221123804 -0.6442661448198911 0.10397112169449642 455.2139931482188 0.6515259353309333 0.7376468111194273 -0.17717544309660196 271.7947063624908 0.037454173314149006 0.20198593189685982 0.9786719921491127 11.44740207596666
0.7541803049561954 -0.647689048881005 0.1082172055442188 456.8851756537761 0.6557672552688454 0.7342232353608481 -0.17574284501338444 273.2063403439243 0.034371129357975025 0.20350709229866085 0.9784699734027633 11.553488282776005
0.7506426077930645 -0.651447744549553 0.11023389445596325 458.5384876540632 0.659782235998403 0.7302525333232455 -0.1772530356183349 274.62842993938807 0.034972509583571856 0.20578404626275157 0.9779723154962819 11.65149318912549
0.7474565871020157 -0.6554028075026626 0.10842421461756027 460.1622189173198 0.6631094569213984 0.7262897896798596 -0.18107730268638833 276.06247116864023 0.03993117252487699 0.20724454473978657 0.977473887189008 11.71050603666463
0.7433686586646142 -0.660033336900261 0.10843906812343644 461.77673641988275 0.6675972813842035 0.7220829379981892 -0.18141141237614705 277.49721607924437 0.04143557895806135 0.2072491853595528 0.9774102864018845 11.787441868674291
0.7393701476940575 -0.6648927327608875 0.10606337077722586 463.3583187096016 0.6716527904863201 0.7173438677917471 -0.1852034135039112 278.9682769543185 0.04705649509689533 0.20817163414673978 0.9769597008095445 11.812518137515095
0.7356132343591752 -0.6699289295405001 0.10034141119375332 464.92940847758314 0.6753213255663589 0.7136635618796311 -0.18607908985310287 280.4360786441357 0.053049756558597574 0.20464493595001748 0.9773976537311159 11.863451152764972
0.7312627851296637 -0.6750139321723734 0.09803535310080065 466.50423419817884 0.6798899641741427 0.7097804094885276 -0.18428620925496855 281.9135856095724 0.054812185686099 0.20141489934827939 0.977971197234785 11.893111960553325
0.7266107829667438 -0.6798038792029399 0.09951610873165694 468.0718535895717 0.6847492153314403 0.7046989225232989 -0.18579004466726143 283.39494852220287 0.05617189848518226 0.20314062718994574 0.9775370087139664 11.98803790229133
0.7214734990106358 -0.6848353103578302 0.10235520461825717 469.63173194200425 0.6900345651014099 0.6987514319973305 -0.18867627102254456 284.87871821162935 0.05769132682349596 0.2067535585395394 0.9766906761306701 12.100830992189232
0.7153509888750866 -0.6903122423253161 0.10836037472817614 471.19566469259337 0.6965598283284299 0.692155638835162 -0.18901052136783708 286.3661343505158 0.055474032434110865 0.21068834738654096 0.9759779977033455 12.23558283298715
0.7096279505453031 -0.6957393259572554 0.11124280705473813 472.7392187304872 0.7022394782015551 0.685553847328028 -0.19203030403801077 287.88597619532777 0.057340099930827705 0.21438916187688092 0.9750637928923701 12.304849886765878
0.7045027229133083 -0.7010230368470968 0.11064635202937972 474.2667140654806 0.7068982964359399 0.6792969332753224 -0.19710523823250514 289.41361872565284 0.06301358507256237 0.21707689479169637 0.9741185296686957 12.386686005580634
0.6994171523441712 -0.7063232521346953 0.10919299657321865 475.7758406914195 0.7113830900527156 0.6732531122268199 -0.20165402565764798 290.94902200778034 0.06891840243227179 0.21871833569858287 0.9733511922402056 12.495795205012437
0.6937070576979215 -0.7119319742741523 0.10919424026111066 477.28020047567895 0.716767802426415 0.6674615613410717 -0.20183899904857552 292.5030866933338 0.07081267898403862 0.21828405378825952 0.9733127125219685 12.578965237805521
0.6872493953965847 -0.7178826887954332 0.11105275167625892 478.7838235014968 0.7231458445825836 0.6616065017261307 -0.19833538347112326 294.0591118217873 0.0689083158259334 0.21661320828042777 0.9738225516019321 12.731256117267334
0.6813851289600076 -0.7232126833003752 0.11259538509914928 480.2647063816551 0.7284686177683122 0.6551621905082085 -0.20023979887923102 295.6356432632953 0.07104772310830268 0.21846262573251932 0.9732555174255031 12.867135812455063
0.675196821679563 -0.7286951501933242 0.11451039288442513 481.7394305283852 0.7340062740808534 0.6483428144582623 -0.20220381932660508 297.2149205841242 0.07310295208645526 0.22057872296542436 0.9726258198152012 13.02117019966926
0.6690920423702647 -0.7340390185303552 0.11620050822514288 483.19366632779224 0.7393562792760396 0.6416234779034425 -0.2041362410209564 298.81119619773034 0.07528699178393566 0.2224995098378272 0.972021520847176 13.186526804601817
0.6637709732734226 -0.7392068478906677 0.11393564442788404 484.64434184291355 0.7438049039897437 0.6364124887043369 -0.2042875645308468 300.4103246210349 0.0785006996176271 0.22034604660098953 0.9722578155545277 13.370001423953777
0.65866721127902 -0.7437789669225713 0.11379961840670681 486.07470515964724 0.7481481358402692 0.631261207409894 -0.2044105057430203 302.0271562273312 0.08019895027146158 0.21977747014420132 0.9722479066536347 13.558981040638797
0.6533914707380545 -0.7482624117518477 0.11481702454806517 487.4997095315435 0.7525961189821865 0.6256849417246626 -0.20522532833921983 303.6679558458955 0.08172311582231467 0.22050332618421972 0.9719565913568325 13.692136827000354
0.6476146773946162 -0.7531346422813453 0.11568681955528771 488.91815916137233 0.7573753538150452 0.6196043909386375 -0.20608971872240342 305.3117419001582 0.0835332452176788 0.22108507259718024 0.971670513918225 13.855974342330947
0.6414514802616268 -0.7580385679920416 0.11797257268850231 490.32764627588847 0.762472401847746 0.6129657672295569 -0.2071444052471475 306.9710809928292 0.08471029979105886 0.222823916223658 0.97117128636923 13.99593881363376
0.635322934617561 -0.7629260510763847 0.11961859946482185 491.72316980442395 0.767396489609917 0.606380111778333 -0.20834055719916295 308.6391269821696 0.08641409886876517 0.22415842752098972 0.9707139655367183 14.168363464994043
0.6298319324137135 -0.7676194599373499 0.1186258894065724 493.09288847265793 0.7712743495033535 0.5999982049031383 -0.21245712958424262 310.3195922371541 0.09191090637231475 0.22530539016742587 0.9699432284682069 14.332298686648308
0.6243165235493231 -0.772211044441849 0.11797873225847691 494.4455012872088 0.7751484243197762 0.5936784507585722 -0.21608058075508335 312.01264996522724 0.09681837995881175 0.22635370539693628 0.9692214408251775 14.509740559762587
0.6190745860547613 -0.7764723135542996 0.11763249204518494 495.78963014660053 0.7787028601389114 0.5875021291648548 -0.22014337109762183 313.71704533531675 0.10182589313429968 0.22788592433581398 0.968348848802444 14.684000365001621
0.6128584464067713 -0.7813108013490309 0.11814379528022101 497.1421896601485 0.7833872678854497 0.581170737036688 -0.22032921487444135 315.4231522713719 0.1034838788548355 0.22758296532816477 0.9682443290356014 14.87893121232919
0.6066698329992408 -0.7856381295527084 0.12134431639593275 498.4903155917029 0.7880445823571541 0.574268040746665 -0.22181513382659349 317.13775027360884 0.10458226401357344 0.23019328133093178 0.9675089680638098 15.09797768747422
0.6012795200812516 -0.7893335457795327 0.12415914077493927 499.80728124806757 0.7916245839325455 0.5673463601633568 -0.22682289505911757 318.8714081278815 0.10859768342132119 0.2346713896419707 0.9659895869206009 15.297768338005778
0.5943909257077257 -0.7939799077466012 0.1276531767368655 501.1326035174678 0.7966235764532407 0.5596384860373741 -0.22846365659471718 320.6072892856934 0.10995592241964469 0.23748825453164607 0.965147151518545 15.49759735192454
0.5878048242630122 -0.7987979989634827 0.12809077025713692 502.43879207895543 0.801236592048924 0.5529326515652363 -0.2286600236045823 322.36583672749725 0.11182760005897158 0.23703847722461852 0.9650426665075948 15.678266438413637
0.5827923249380237 -0.8028372673429486 0.12571964110130346 503.70461428990797 0.8042102923181248 0.5476148147443288 -0.23100610468581936 324.1370059805136 0.11661437185408947 0.23573361414493463 0.9647957045091189 15.88321228276348
0.5781124198898601 -0.8064256441650164 0.12435316804219008 504.96110566513636 0.8067646140550853 0.542110505197394 -0.23504692651290035 325.9129261373984 0.12213471037192583 0.23620728309613198 0.9639964895863022 16.080388722838453
0.5724226313020832 -0.8104169412888527 0.12472655068276682 506.2230350425905 0.8105414792305426 0.536275792432366 -0.23543743308528356 327.6796056001526 0.123914654581119 0.2358657578434198 0.9638529465935115 16.352941563054305
0.5664997988443868 -0.814348744214208 0.12615110267458116 507.4795280362312 0.8144103275698232 0.5299048941177112 -0.23650924197099815 329.4566431825849 0.1257529174885312 0.23672119885390955 0.9634050434559149 16.612303385257665
0.5594922270213528 -0.8188476603474218 0.12828467190682352 508.72642319467246 0.8189664744699552 0.5223544571018005 -0.2375704839413371 331.24817687460984 0.1275239647945982 0.2379796846149458 0.9628620400211243 16.8626992414032
0.552097853611746 -0.8233838453325767 0.13125167916123334 509.9582537881795 0.8236407618138057 0.5141105526841533 -0.2393872074642946 333.0452834702925 0.12962968609107425 0.24026939643684675 0.9620118302909831 17.139996738870614
0.5447947325786091 -0.8280329422688046 0.13251470058929105 511.1746715415485 0.8281587042598634 0.5064476267165846 -0.24013321709365507 334.8542936826851 0.13172645866802846 0.24056651452519046 0.9616526879159574 17.41208891865161
0.5384571081887198 -0.8322958456735983 0.13171016633317453 512.3618671602486 0.8314256426868535 0.49932280300112014 -0.24373784910399768 336.6878178965628 0.13709610980545214 0.24074958707662952 0.9608560209514473 17.64235088387104
0.5322087983403619 -0.8365226550922181 0.13032130480690626 513.541477308645 0.8350133038022561 0.4932661889790912 -0.24380576138243767 338.51260417983804 0.13966594947353242 0.23857559457644015 0.9610281516324892 17.93542038533665
0.5255014361119396 -0.8406454018979841 0.13100972831078775 514.7098059273613 0.8388730982028665 0.4862738951376636 -0.2446009485246411 340.3469491390116 0.1419160517905123 0.23843868640682797 0.9607324430187542 18.2496889380208
0.5184656649922472 -0.8449887989026157 0.13110028204875218 515.8567422852603 0.842353119686022 0.4783273837900051 -0.24828237084380575 342.2009897425239 0.1470869674014908 0.2391586160808693 0.95977527597606 18.51938721893044
0.5102414125217642 -0.849502436410396 0.1341615126651323 517.0088438908034 0.8474745434802708 0.47007703243068605 -0.24660592396382527 344.04252409367166 0.14642608750047006 0.23952702167804255 0.9597844585037609 18.881274550504727
0.5025321530762337 -0.853658954454417 0.1368496423245487 518.1372471303231 0.8517084044413924 0.4616321349240885 -0.24796888072762485 345.9080031640691 0.14850666290929782 0.2411683260405737 0.95905349672807 19.20712190207951
0.4947502629279438 -0.8581708594129857 0.13698523054369344 519.2419414626145 0.8557323971148387 0.4536114680578432 -0.24891504690252322 347.7843544314552 0.15147356819199595 0.24037348460422855 0.9587889997483345 19.525106579451386
0.4876316266742669 -0.8625924729690796 0.13472053386212784 520.3227018923175 0.8588100440642181 0.4461768512418843 -0.2517370168057888 349.6771919384435 0.15703727226813508 0.23845427862162316 0.9583730234755317 19.82505464298208
0.4810534042294595 -0.8666518446212014 0.1322958899358479 521.3873543459754 0.8615612758840185 0.43942316812527693 -0.25420355467977057 351.57547390390886 0.16217210048692718 0.23626650107327415 0.9580596799230503 20.14053368486111
0.4750567066326212 -0.8702347761552769 0.1304322040500072 522.4462070064757 0.8645233163204181 0.4339319648184013 -0.2535793474381785 353.47705271384007 0.16407486407645114 0.2332262512643239 0.9584805447683806 20.483513168739943
0.4697910280034744 -0.8733930727816241 0.12837807610534818 523.4853965365251 0.8664668301836957 0.4283828429898544 -0.25636569977930507 355.39510882319627 0.16891306106648277 0.23167365031223197 0.9580165434647582 20.814998162142018
0.4633241319676373 -0.8768404426006364 0.12838063310466408 524.5160085239534 0.8690221127310966 0.42117960474545835 -0.2596311000839944 357.3141183256446 0.1735837444025469 0.23185896309259024 0.9571364087280487 21.16071871470472
0.45551939279857 -0.8804063831102374 0.13185857333965897 525.5594522454097 0.8735966267287405 0.41358452966008785 -0.25646982394425005 359.2121814555293 0.17126300403934486 0.23201818334903088 0.9575158202572117 21.613245386103067
0.4475895214317363 -0.8837908583923106 0.13629871212410966 526.5856711295189 0.8775833106919422 0.4048402043085234 -0.256811101337907 361.1395119302667 0.17178810523279162 0.23455943297511464 0.9568023407699873 22.008891966122352
0.4399541680353822 -0.8874618765270537 0.137301666921322 527.5836212487012 0.8805664364590142 0.3963335530343706 -0.25985085283872045 363.0864614611048 0.17619046798893823 0.23522570533473428 0.9558377406964126 22.38296411419907
0.43303706164221706 -0.8908964149035901 0.1370491924682666 528.5606185147213 0.8833029183638963 0.3891263185386246 -0.2614510711976264 365.03525835576386 0.17959637427880196 0.2342739553012651 0.9554375208319046 22.778396374944272
0.42631033702159343 -0.8942282757397987 0.13643785184457158 529.521159701933 0.8862066520157521 0.3826317243388031 -0.26121013275240856 366.9987159954798 0.18137603610058084 0.2322687116185332 0.955590905739226 23.1758132621956
0.41962036281939674 -0.8976662855021318 0.13458822749454225 530.4643016809679 0.8890031168420709 0.3764949904175896 -0.2606242130645722 368.97436839225037 0.18328177583271385 0.22901258057857313 0.9560130901741648 23.564059593048132
0.4132360316675841 -0.9004076090692293 0.1360224968961403 531.4020605629843 0.8917862533558829 0.3699218865196855 -0.2605284556419498 370.9482033297282 0.18426410517812986 0.2289627380250844 0.9558361805973691 23.989404710595032
0.40632215931647925 -0.9031822307622513 0.13843468092828673 532.3287340430632 0.89452210748664 0.36228761929847964 -0.2618737866237968 372.9245949159068 0.18636657979918625 0.23023800498257535 0.9551219602729297 24.42550571664091
0.39937823605007666 -0.9061608848578192 0.1391742624310351 533.2360270591079 0.8971821514329871 0.3550827826465558 -0.2626412089106382 374.916141951305 0.18857680588979872 0.22975784692076523 0.9548037076063025 24.841117957949514
0.3925751239740859 -0.9090038872565284 0.13998823160984197 534.1251576091797 0.899867508361879 0.3481721013822153 -0.2627064049726656 376.9195901855341 0.1900611465589634 0.2291028606796644 0.9546667689812464 25.253098539958728
0.38533675290152297 -0.9117707887714318 0.14209016717011294 534.9977678828224 0.9026837214102544 0.34049350581588667 -0.26310885883627366 378.930538395362 0.1915141925921847 0.22964799420051735 0.9542453105965202 25.670014999476813
0.37807770853949063 -0.9143479182392471 0.1450004507478537 535.842909268764 0.904971704893503 0.3320046439601662 -0.2660810585724102 380.95559375009276 0.19514983896397517 0.2318206220344302 0.952982549447738 26.073250200532097
0.37056680593732905 -0.9172722611523552 0.14591724112608934 536.6895453803614 0.907682047950526 0.3243273832398393 -0.266317570410069 382.9822520700087 0.1969607630106458 0.2311349116884683 0.9527765270161906 26.49507266561149
0.3629438444772455 -0.919660640156264 0.14998690844018842 537.5226728033767 0.9101933366919094 0.31543036375727146 -0.2684246178382092 385.0140505822682 0.19954913078667233 0.2339401474038139 0.9515524955749793 26.932537308551048
0.3543840828615859 -0.922619824271009 0.15226484057878623 538.34290846053 0.9130528975065695 0.30626028781418274 -0.26933073063209223 387.05248876618504 0.20185719746692513 0.23447237784033134 0.9509344750616131 27.36892693495057
