1 0 0 0 0 1 0 0 0 0 1 0
0.9999880762538089218 0.004274168911885263544 -0.00236195476652766587 1.420678594581314957 -0.004256329695889763017 0.9999627648077833442 0.007506840580002145137 0.2389151413349536179 0.002393952323321451182 -0.007496697812127252683 0.9999690337776402371 1.372126237640547419
0.9998348128271339341 0.0181656996470548962 -0.0005953278617510334748 1.8142586889399126 -0.01815083056800427877 0.9996489512097563868 0.01930082109460005968 0.5189101110651374027 0.000945731791571413345 -0.0192868271513783919 0.9998135445620904838 1.469405574997905584
0.9998965105852229973 0.01427589964517623176 0.001779552982021442896 4.815260172002117756 -0.01430853053622334684 0.9996992401617407209 0.01991720798536169429 0.479186438721581176 -0.001494681701543270182 -0.01994060955334737983 0.9998000490184284494 1.489455890894624712
0.9999482348225799955 0.009734287599819362036 0.002961641458792422989 7.042474679992203335 -0.009799731713149680695 0.9996885947881074541 0.02294948167016689841 0.3933658915940405065 -0.002737322333362210598 -0.02297731697790325253 0.9997322391375303985 1.474027193557022164
0.9999744083241176584 0.005971048595916128576 0.003940720174805087059 9.459972366732907645 -0.00607263887977935353 0.9996358623071824878 0.02629193500698255234 0.3728025249004974229 -0.003782294788445232994 -0.02631519272285138406 0.9996465399720505518 1.445124697481013909
0.9999903244860991469 -0.002223264890880527738 0.003795790749120474695 12.49501349835624708 0.002116016270657562412 0.9996048823972963904 0.02802858474182185269 0.320037801061637428 -0.003856605933776879967 -0.02802028159587541256 0.9995999151710445174 1.386281935221360673
0.9999717869712497764 -0.005638334382324533198 0.004963310076806765232 15.09444163689664364 0.005497840598629528258 0.9995961863774617262 0.02787898721953178949 0.3648204934903073737 -0.005118496876769141821 -0.02785091318121998491 0.9995989834051927092 1.360097219299487126
0.9999579761006226475 -0.007526062756812679395 0.005234922361140380113 17.45087523278422736 0.007370454455482778472 0.9995483166627040506 0.0291348426780454646 0.3483695900217604335 -0.005451828488342649014 -0.0290950345615076135 0.9995617822475999503 1.335447358567009246
0.9999287227812128087 -0.01026983786816724163 0.006089317473570106214 19.85248202132239115 0.01009291576533892856 0.9995455091048740526 0.02840613102187381639 0.3514954870794963493 -0.006378276294277397153 -0.02834264734352892265 0.9995779168894609601 1.303086246882889876
0.9998983368991881671 -0.01272319489002324278 0.006437093911708157389 22.14947655889837108 0.01252686564382329837 0.9994811886998601347 0.02967205878020808679 0.3563297779501734541 -0.006811277661295514138 -0.02958840561613637968 0.9995389600959613263 1.28065153652686381
0.9998563888550910939 -0.01581306141294562886 0.006094977802042337613 24.49391347432433719 0.01561856953222952663 0.9994055080979528105 0.03073582062089243519 0.3732656415105014003 -0.006577381806151318643 -0.03063621177990475883 0.9995089597279021021 1.253526447099399643
0.9997923304167306569 -0.01958091812550378716 0.005646564021169464369 26.83308891410435137 0.01938748502292871739 0.999284096295289026 0.03248723311999923702 0.3967152787236478684 -0.006278651476914681034 -0.03237101383444419833 0.9994562001403370921 1.231033931244875035
0.9997058071616141683 -0.02364800930621384703 0.005391732856760088864 29.16464576568499467 0.02344438436541604678 0.9991076674938901281 0.03513160395776148553 0.4317546522886448468 -0.006217714135603103452 -0.03499486263398658009 0.9993681501929888578 1.216349116941880748
0.9995800529822450597 -0.02845016997829307934 0.005505043888877815365 31.48909783313722244 0.02822468473996890895 0.9989005451783956602 0.03743084307938213118 0.4780704261119151921 -0.00656390518987028191 -0.03725974598021562084 0.9992840569518499638 1.195212416042855219
0.9994061126340998413 -0.03405387649602786143 0.005268351278164412621 33.80461443491149964 0.03381492668869171686 0.9986179300301663009 0.0402340720696322332 0.5360777004294815518 -0.006631196169263866604 -0.04003202865030995594 0.9991763927953389857 1.170989861909059515
0.9991830402516671539 -0.04019389745318673046 0.004207455401789267357 36.1121684239417533 0.03997630818575282491 0.9982750202948692531 0.0429985888037756267 0.6044056766059066055 -0.005928478495621638394 -0.04279526215366808578 0.999066273417297257 1.141692870511823221
0.9989318282267182214 -0.04609509743880330079 0.00323180255174329318 38.41484862994865779 0.04590837380720809435 0.9979738722325723899 0.04405191886289440417 0.6892011666890744959 -0.005255831999205736252 -0.04385649704698964257 0.9990240156756811096 1.125417096546138307
0.9985562490298524052 -0.05365564977383168593 0.00254730657346239394 40.70655684779031702 0.05349763653933525126 0.99764897397949448 0.04283138571616769419 0.7888651030192112001 -0.004839463620740569634 -0.04263327298026586137 0.999079067755327177 1.108336039306563769
0.9980940040552368497 -0.06169280499982152804 0.00153521341803476534 42.99399290332276991 0.06157287322758276532 0.9972061439028313545 0.04229288172902920945 0.9023927626708982963 -0.004140090758055847177 -0.04211774416679538863 0.9991040762977676515 1.090994276398419505
0.9976038589214942798 -0.06915794709794544082 0.001928475600317899365 45.27470462411272223 0.06901940006162629593 0.9967582164005447387 0.04134465446872175043 1.033338692584022445 -0.004781535326275531718 -0.04111248461480519756 0.9991430831110832411 1.071087276265148214
0.996917492060004351 -0.07836163904902510025 0.003868791845209521192 47.54700302693319003 0.07815384232949387777 0.9961875380251854484 0.03876036651602025873 1.18149759948066202 -0.006891368073747485695 -0.03833852643060135096 0.9992410452124163012 1.053352814816594485
0.996169700316160589 -0.08729709852817553462 0.005014455162103526042 49.81746865982395889 0.08706253333926794458 0.995555538168864107 0.03590662487414122972 1.349815620236155533 -0.008126712776983759795 -0.03533252057050916689 0.9993425686568019328 1.031959040002831118
0.9953650490611892776 -0.09612057647194238719 0.003042020071866429788 52.08733848390655652 0.09596164945449535411 0.9947995819081572044 0.03413434735465481484 1.534469597220994519 -0.006307213440871888357 -0.03368421906556767764 0.9994126237168280413 1.001746375924827293
0.9945297736413959422 -0.1044533402208688289 0.0001704625976193190713 54.35232658362338043 0.1043873998075766363 0.9939573289206659057 0.03394258455551489584 1.741334445235829476 -0.003714848880763380826 -0.03373911678747024134 0.9994237699275491105 0.9739925257110362278
0.9936524216738774617 -0.1124791372567615216 -0.001818951239965551194 56.61464098918870036 0.1124730016302517011 0.9930272056011056891 0.03530995384223630656 1.970165576569896881 -0.002165365077803153935 -0.03529040405030893501 0.999374753821631101 0.9456360394157821148
0.9925804248703240518 -0.1215864854624982005 -0.0009092398609797786285 58.87303740790171958 0.1215475781928915949 0.9920100665574920207 0.03379665788274139465 2.217307699805955323 -0.003207241757333686646 -0.03365641694354697122 0.9994283161882256961 0.9310726027154538897
0.9912358109284258312 -0.1320982690946557736 0.001270604290040595321 61.12866562681907112 0.1320072431358715881 0.9908299116047856181 0.02881274073946641159 2.483837262706765969 -0.005065065915942169004 -0.02839249146251061201 0.9995840192479161779 0.9141132201835076021
0.989782191914902798 -0.142561201144749683 0.002741622931192664626 63.38059592112554697 0.1424589262953577795 0.9895229974169945653 0.02344550920027788435 2.771459548393044425 -0.006055318893702826659 -0.0228153788277276233 0.9997213569800551536 0.9006933182010727901
0.9882319152760310477 -0.1529345311346094471 0.002951409240445184486 65.63011692996501267 0.152848866763511837 0.9880559160499804428 0.01956350397409004765 3.079267184178406946 -0.005908092668333974305 -0.01888215944406784752 0.9998042600908195743 0.8812498481185679911
0.9865493338381821076 -0.1634629015556310072 0.000540109667756817494 67.87786431861802328 0.16342394369124294 0.9863763977012549589 0.01882064521468945067 3.406671691304526739 -0.003609228704387830531 -0.01847922814702606178 0.9998227300853134158 0.8539258377021294866
0.9848830162448195535 -0.1732011802652149435 -0.00260681170071965472 70.11766921334613301 0.1732177547396897554 0.9846650098714216925 0.02074675342924113194 3.76112615020691754 -0.001026525911593903148 -0.02088467116450637082 0.9997813644767056251 0.822045252171562435
0.9833560288419167517 -0.1816145305894088791 -0.005204115587108110001 72.35751898863995279 0.1816881082546665249 0.9830408383718939325 0.02490263865385498529 4.139993041186412093 0.0005931771201774561648 -0.02543368577050034857 0.9996763355051632161 0.8092221902991894034
0.9819287419566105068 -0.1891055243042613354 -0.007419325920777736227 74.59309081462536994 0.1892402065297978386 0.9815367887137701475 0.02781504330428393248 4.541978264328068171 0.002022362991098669051 -0.02871642524880402281 0.9995855526011078185 0.794345386251797736
0.9804261829935255745 -0.1967262434172242225 -0.007955177665707687668 76.82708481721584803 0.1968740465702532583 0.9800248754551474928 0.02813988763617123953 4.961025519308319254 0.002260417616211984893 -0.02915525064323124665 0.9995723394893091251 0.7849618066907575464
0.9788964813291084477 -0.2042093413097784138 -0.007760397110774158551 79.05603986144444661 0.2043438594771543326 0.9785551539281494016 0.02594990972309496949 5.397009221426923631 0.002294762617675735316 -0.02698806481543663052 0.9996331219112571942 0.776659736070499207
0.9772272068211521612 -0.2120411307963226133 -0.008095992783219237501 81.28661970502515999 0.2121780918010015837 0.9769255174631001903 0.0244333929109235258 5.850978885011754116 0.002728297677100901576 -0.02559476860748367485 0.9996686772184644187 0.7793443303809204359
0.9753431996575552265 -0.2205336815036352538 -0.008398702531676452074 83.51523460663547382 0.2206786844363097244 0.9750127164485382636 0.02551707269852810864 6.325603241390082232 0.002561467786650770129 -0.02674131795733911479 0.9996391052758402118 0.7794089044378995634
0.9736097414870523714 -0.2280825376129501647 -0.007901095971581307068 85.73290285756911544 0.2282150283080335296 0.9732207015062279698 0.02755661470661664725 6.819633259698488992 0.001404327553822925156 -0.02863253736158625704 0.9995890183812340402 0.7725298537140241617
0.9717060351653518113 -0.2360773008771092085 -0.007408726868429622511 87.94763432782168877 0.2361934014407711668 0.971259455186318621 0.02945755976000312068 7.329813344024255883 0.0002415348232875153185 -0.03037398099943906804 0.9995385750130781899 0.766149104770742273
0.9696539280559975937 -0.2443723519373552644 -0.007308448137568993898 90.16566223184057094 0.2444815321215828008 0.969195715541205538 0.02980680170790094355 7.859232136058530216 -0.0002006416149031590632 -0.03068906295695636791 0.999528959639372494 0.7563630788865416399
0.9674851300246655184 -0.2527717660988710313 -0.008885800156076444425 92.37863305193191366 0.2529263542942203902 0.9670048465956432304 0.03049403161228558118 8.405583948951610651 0.0008845815906940153548 -0.03174997517785180245 0.9994954510109664847 0.7420635792472383141
0.9653063592239861102 -0.2609016368902856153 -0.01067561284902189545 94.58819933505938593 0.2611106850092061449 0.9648095789270851874 0.03104330176646498407 8.971619050808627094 0.00220068529230358495 -0.0327538131903790386 0.9994610271069772622 0.7295506057522158638
0.9633450326530861307 -0.2680333556195955147 -0.01115653790043770986 96.79351340776378265 0.2682551149447635619 0.9628394744871323629 0.03129440325864053796 9.555863971226393971 0.002354011171626992169 -0.03314010628592144875 0.9994479436102521319 0.7217410340145855585
0.9612340314023711807 -0.2755025829983604457 -0.01128997941436434005 98.99501774358174089 0.2757222214937631311 0.9607630256547773362 0.03019379256108659093 10.15229680874491969 0.002528526940628796765 -0.03213619915156758211 0.9994803005840592336 0.713407500246366677
0.958804125274224317 -0.2838142233072016296 -0.01200566556503061995 101.19919826008109 0.2840426761360351771 0.9584266410873507613 0.02716858088855500855 10.76395159794822476 0.003795720038266248066 -0.0294594688096785351 0.9995587687609182037 0.7114449985188975312
0.9560965420728629871 -0.2927635418702921322 -0.01299656831151730328 103.3954268702899384 0.2929991586157104644 0.9558251851010165501 0.02344586481862534835 11.39718918951716375 0.005558352885521201416 -0.02622449385916165998 0.9996406257425869413 0.7101198494038489795
0.9532169719233579697 -0.301921453845203358 -0.01486069127809359382 105.5834893718564729 0.302180631361134544 0.9530333195306719407 0.02035578282783966075 12.04945408312326371 0.008016886393743465761 -0.02389409074116003937 0.99968235052950849 0.7092859667865043516
0.9505630363701678132 -0.3100880907370442974 -0.01659186155262979551 107.7610216804732772 0.3103741440213225178 0.9504253553013848332 0.01896140087830373855 12.72405945888466938 0.009889621315216640465 -0.0231736916198301314 0.999682537312196251 0.7148188613530124247
0.9477798123545206899 -0.3184806417144043222 -0.0168377001520620545 109.9357126703554286 0.3187776484615946204 0.9476264624667525283 0.01961882957886586232 13.41751124819022678 0.009707632797211729683 -0.023961813076848585 0.9996657408251743426 0.7238122585401582931
0.9450956228300188 -0.3262320516109085689 -0.01915495260438990557 112.1041199626599649 0.3266274887498539226 0.9448606464789633952 0.02351259935267479076 14.12975123940186428 0.01042819737552933348 -0.02847818879586322405 0.9995400169389938583 0.7365402257707678313
0.9422592370789262262 -0.3340676488358247376 -0.02337383453231548988 114.2668821271696373 0.334644029789094466 0.9419305070808786651 0.02793372794444966278 14.8605733995231688 0.01268477299582660735 -0.03414272736122497126 0.9993364652119832714 0.7417459190350417231
0.9395316691068180681 -0.3416007502363084813 -0.02427282808713753307 116.4031246562004185 0.3422467914024124314 0.9390922814705497945 0.0311900730552405886 15.60200237581886284 0.0121398731504969732 -0.03761135892823895543 0.9992186993643888959 0.7595280716847767621
0.9366769801369020376 -0.349491667850673926 -0.02217676677443959979 118.5517225959861491 0.3500593235408282489 0.9361957068240834845 0.03156055332677893538 16.37221027113097094 0.009731643425003226947 -0.03732522775695999023 0.9992557843160777553 0.7762441535772364176
0.9336550296943709748 -0.357595383967438063 -0.02034273559735113798 120.69644496029197 0.3580786078178352372 0.9332084455534025436 0.03002844936128332837 17.1560847111804442 0.008245977785813042929 -0.03532051122199071636 0.9993420161973443072 0.7928568008985312776
0.9302586164812396419 -0.3664381206840686134 -0.0184935170245635952 122.8212804003940022 0.3668379844728234529 0.9298674246721519987 0.02786513379649000616 17.95439245498334913 0.006985671787765623288 -0.03270590532469218326 0.9994406056122424609 0.7975684551353319218
0.92707950328891231 -0.3745341766930546101 -0.01573991964526469736 124.9368930420219499 0.3748335300801410863 0.9267267794148681403 0.02602500803086073983 18.7703325827121219 0.004839350084836407072 -0.03002710116215265637 0.9995373699299863191 0.7991277983364846182
0.9239107187704620472 -0.3823973957819978842 -0.01269706423525741694 127.0426445953653172 0.3825984229551203653 0.9236148309231023701 0.02353913446038154861 19.60379777808022084 0.002725893120254859522 -0.02660593539109501818 0.9996422828735596067 0.7954454700831343761
0.9210431291933568465 -0.3892844529209217308 -0.01171191187501432161 129.1348797418387733 0.3894529266486175256 0.920797142399360391 0.02142522984704232913 20.45074408750379646 0.002443786106835448349 -0.0242947990983817981 0.9997018508766667422 0.7931997148420324439
0.9186603696302038102 -0.3948694144558353991 -0.01188573927877986658 131.2163844075816712 0.3950363819663718079 0.918450160996444831 0.01988865728306938446 21.31323123151770815 0.00306303669847874608 -0.02296622069279775566 0.9997315492237270895 0.7907223723709841945
0.9163938643533442452 -0.4000985220034566914 -0.01197739813957892675 133.2908644676792562 0.4002590027453869492 0.9162302726985709356 0.01774311449466220436 22.18750152564047085 0.003875060878593297557 -0.0210537426922596492 0.9997708356527685858 0.7867625257627786084
0.9140404654164129283 -0.4054701537276246825 -0.01113472125577080404 135.3561549685607019 0.4056022637137208786 0.9139269221065314808 0.01497947659923846812 23.07474957080656353 0.004102590846348206505 -0.01820811590962411949 0.9998258014591187015 0.7837394951590657133
0.91140527459750309 -0.4114198278882145177 -0.008611077533155099897 137.4119452559699255 0.4115039289364496589 0.9113054570577171498 0.01367042086735827285 23.97152133300369314 0.002223039746703351933 -0.01600278592174781897 0.9998694759502498863 0.7800237631999391574
0.9084786824213888501 -0.4178852443886991175 -0.006197266179093650386 139.4675281541501306 0.4179311170059544778 0.9083876760308778886 0.01286123918509066329 24.8844174416939623 0.0002549981421685138731 -0.01427419200578933407 0.9998980860160345818 0.778147380000950406
0.9052138417731763198 -0.4249141587104636186 -0.005988187507571794341 141.5071381071927021 0.4249550462640881987 0.9051561103807118647 0.01027737783421087993 25.80766092671654377 0.001053241156410772905 -0.01184793517197872334 0.9999292560552606179 0.7698530874327857987
0.9017836748553056392 -0.4321320771607319311 -0.006933372427021147755 143.5268779334887199 0.4321762191386745999 0.9017605903033095727 0.007180068720220277034 26.73883698993875058 0.00314950400235769392 -0.009471307437624207695 0.9999501862392752294 0.7642544115764919876
0.8982503681152819164 -0.4394353523442254827 -0.006545784205648139814 145.5247668067634379 0.4394742265036210016 0.8982303960999390435 0.006675309819828104639 27.68099092588803956 0.002946255217141022665 -0.008872802953580987556 0.9999562955189303937 0.7653323262899027757
0.8947318917742265176 -0.4465721308017223667 -0.005307902911999846929 147.543875543891204 0.4466027993544609553 0.8946904695755000247 0.008654666921981095731 28.65226546272918995 0.0008839971000700243969 -0.01011413080698079364 0.9999484601253938454 0.7693031079411052353
0.8909301032098294604 -0.454105223254530399 -0.005656625095914033854 149.5223876561508405 0.4541392035563259211 0.8908877576070386439 0.008751407836936307694 29.62608648135481815 0.001065358037739145116 -0.01036578790326810051 0.9999457062527924434 0.7653531410477016905
0.8866740529363017487 -0.4623595743035979755 -0.005722578029875965283 151.4972224044723248 0.4623885568066671281 0.8866590846547777183 0.005700011701690076323 30.61686095417859121 0.002438520813916414311 -0.007700107073769773582 0.9999673804516288067 0.7585027317541768177
0.8819520501870490303 -0.4713208956958802598 -0.004146619260810641139 153.4592315967611853 0.4713304810921432053 0.8819550390890660285 0.001699005253932498035 31.62110797083272118 0.002856355074180251443 -0.003452869218088160715 0.9999899594145198467 0.7533581154640711652
0.8771438159900896148 -0.4802187008792684342 -0.00295387815786842629 155.3854872496778796 0.4802126134824900028 0.8771484050742360816 -0.002553689104128352254 32.63335807206114225 0.00381731877899197259 0.0008214630555486159783 0.9999923766088358867 0.74964529760392562
0.8721278196367170388 -0.4892671381208668624 -0.00327624338575047613 157.320462084844138 0.4892496375984052293 0.87212975612518151 -0.004947786460695438419 33.67304452531667636 0.005278098666678930975 0.00271220132883178951 0.9999823926641991934 0.7510581546245898021
0.8669574333458263116 -0.4983585495838530055 -0.004854361244846061574 159.2392443411820295 0.498339471584966609 0.866969526735775986 -0.004648738749459245014 34.73066361301249572 0.006525321971623446356 0.001611138796887346064 0.9999774119473618939 0.7589693665170642589
0.8615509200120241573 -0.5076133843133682211 -0.007659261868064331895 161.1447543244779013 0.5076078796830716389 0.8615836880535028275 -0.002790871509154942923 35.80774525191914393 0.008015778820000327501 -0.001483423760437750736 0.999966772819905203 0.7607527010107806298
0.856126838182056038 -0.5167091904316986062 -0.007645225164385936571 163.0329678014775254 0.5167201642754341018 0.8561541291458374392 -0.0006156116478557311505 36.90392753517517832 0.006863583288922542498 -0.003423400349237411613 0.9999705853446314574 0.7741340265086809058
0.8507077673242879889 -0.5256316722414017262 -0.002764009919080365196 164.922096439062102 0.52563156498963437 0.8507119250539979527 -0.0008236852971938680382 38.02886318526626042 0.002784331279293871149 -0.0007521353792594468943 0.9999958408872000604 0.784294902484280021
0.8448636367427204696 -0.5349743325597585697 0.002810482539577778723 166.783354805604688 0.5349816384151308002 0.8448546670958170246 -0.003903593866995636215 39.16142292774802769 -0.000286126766773232735 0.004801561064596950382 0.9999884315044931249 0.785998992100728433
0.8395544039943643178 -0.5432731467988543006 0.001640335617560708227 168.6300278272452431 0.5432718503421126721 0.8395334942409223844 -0.006261682959421691584 40.3086757616009379 0.002024687512883201462 0.006148171671133224533 0.9999790500933394277 0.7789367107139324453
0.8352381332045117901 -0.5498386364982813523 -0.007398287285118221486 170.4472667634801724 0.5498356449884613806 0.835268774360296784 -0.002614972040084627587 41.4643930841183348 0.007617371014007325199 -0.001883717696080631316 0.9999692131593234112 0.7699002753843922076
0.8318440061426130017 -0.5547852456921171793 -0.01577595027076498374 172.2807543232996466 0.5549151754516912227 0.8318906060249118273 0.005212260634669044559 42.65827602287518516 0.01023217953454933979 -0.01309010197982124132 0.9998619663394195944 0.7709608598574833049
0.8286332071885282868 -0.5595344067721600423 -0.01697809125256796378 174.0872826919204215 0.559746825036539164 0.8285702812889077506 0.01244109425791367629 43.85634856817978289 0.007106321549690725742 -0.01981253650967534918 0.9997784572549486271 0.7791676938818661302
0.8244023369985786776 -0.5658606805282558883 -0.01274664596594605147 175.8870857831711305 0.5659998635288491231 0.8242753439630559065 0.0146393927438966294 45.06379216088624418 0.002222889247373725698 -0.01928334946748443482 0.9998115878487849884 0.7962843616199457575
0.8195494516843150334 -0.5729294787363342634 -0.009513602832306632812 177.6837378541718806 0.5730072407011160829 0.8194690053796027662 0.01154345382707420119 46.28275139302772345 0.001182517666604322639 -0.01491179456258821465 0.9998881137581800971 0.7949503105505253409
0.8144939173348053618 -0.5800488123042712996 -0.01195968097432667694 179.4691363891303695 0.5801484984151301649 0.814473639010807271 0.0077724605604026515 47.51678357332290403 0.005232438367824817325 -0.01326901280795225388 0.9998982722696491132 0.7943972936430199194
0.8100255248046143164 -0.5861634196433868071 -0.01646495177581682248 181.2440733072635908 0.5863369948832957146 0.8100202096391440065 0.008728597102816992165 48.76772057406075334 0.008220559362668973524 -0.01672439679414819066 0.9998263433995109306 0.7943059740439148975
0.8062503386715593745 -0.5913715106316836945 -0.01549605773080384857 183.0109616941562933 0.5915518834527840886 0.8061719284718732448 0.01237703225352438513 50.0340858304875411 0.005173062483649831962 -0.01914570858290293859 0.9998033212924424262 0.7966661733016806579
0.8022266514999935039 -0.5969239514602221464 -0.01068624331663440424 184.7712901536012282 0.597018646105040518 0.8021288047026612356 0.0125744530371795192 51.31509149391086311 0.001065751383929566505 -0.01646744787130655779 0.9998638343967609643 0.796383060838655954
0.7979383847646255301 -0.6027050291933360171 -0.006401711043194029983 186.5262444357043421 0.6027390227136506518 0.7978921747769163186 0.008587661378753714062 52.60746623535371214 -6.795155543675561753e-05 -0.01071098570733824973 0.9999426334384204917 0.7878142090524393737
0.7940716423263404211 -0.6077903490937884845 -0.006412363183665509801 188.3140635663597493 0.6078180236980047502 0.7940668772779077011 0.003878721176375647065 53.94146385861228765 0.002734395911398269496 -0.00697753241217998095 0.9999719181659236789 0.774202997248431668
0.7907412756739115034 -0.6120477595902830137 -0.01121494209126439393 190.0206059166944499 0.6121085756927334698 0.7907688276501279034 0.002784381485304110102 55.22689816557256393 0.007164252159748173317 -0.009066487597612523514 0.9999332339179620721 0.7634132911127740062
0.787765262965487989 -0.615787234738671363 -0.01523062696726784453 191.742970036903472 0.6158956007442210057 0.7878205771803080681 0.00336855387389740522 56.54742704704687384 0.009924688853095395627 -0.01203410587400076392 0.9998783330220645249 0.7664163620139610167
0.7845740540621298775 -0.6197837058682217348 -0.0176553570558015821 193.4690220497869859 0.6199516128223293565 0.784617618183121257 0.005932199898735469705 57.88363531148548446 0.01017602336410624447 -0.01559971720575612647 0.9998265336405078862 0.7687351730892406643
0.7813858096696442157 -0.6238311313167078653 -0.01646013508544111673 195.1952059852893058 0.6240066871419298611 0.7813663400495770572 0.009071771584557330667 59.23039521758578729 0.007202141977791592931 -0.01735978794931215818 0.9998233678571863958 0.7740274928085872919
0.778174063805629701 -0.6279365614315707278 -0.01186596973394580916 196.9172268444739018 0.628040394797257262 0.778121878835233538 0.009571007304948125211 60.58807190731025827 0.003223185247074358741 -0.01490021796556448286 0.9998837905384013736 0.7695053789846950654
0.7745241480280167234 -0.6325124579400867031 -0.006350958357975976416 198.6749905607213975 0.6325422357992769307 0.7745084371073724938 0.005196227434108731044 61.98949133693265168 0.001632192245606154529 -0.008041853025585101594 0.999966331707417222 0.7621719790990351129
0.771230786350164399 -0.6365507806495565024 -0.002485526130865977831 200.39045699583329 0.6365533898894556453 0.7712325555303738422 0.000356525358841821335 63.36661891627097987 0.001689972174253166022 -0.0018571334171149131 0.9999968475197915652 0.7513480120492843639
0.7685712071385344402 -0.639760486899654035 0.002195212867514268092 202.1001635297674568 0.6397627388716364827 0.768557398066458175 -0.00481288154623094825 64.7541728241513681 0.001391944351748296282 0.005103457576328682306 0.9999860085079631533 0.7365135735175345477
0.7662124610032801098 -0.6425843516485068019 0.001953361145580543527 203.8080211122984906 0.6425778153189882769 0.7661810528442725143 -0.007768238044647194154 66.15301803379323076 0.003495119908264886135 0.007207307327304577141 0.9999679189143603208 0.7126609679325777158
0.7647743011793255441 -0.6442982252761085826 -0.0002552679597071461038 205.5123448269513347 0.6442774547401203256 0.7647527119028573184 -0.007736339626565860023 67.56160464314410774 0.005179726755977565218 0.005752090340236006537 0.999970041494969597 0.6976083901413590027
0.7642069629654012486 -0.6449671524398465916 0.002256109224679419233 207.216382172404991 0.6449705463138853956 0.7641970565857320041 -0.003981594312817592768 68.97661734476517381 0.000843885517272719831 0.004497886096743927524 0.9999895283841198079 0.7037558144500013491
0.7646868542879291519 -0.6443457540530187488 0.008518457200578897354 208.9234414495041108 0.6443704863918504611 0.7647134314428919444 -0.0002098522517837083669 70.39273108285020442 -0.006378961229038803381 0.005649513667926906596 0.9999636952654602506 0.6941161801753652494
0.7663467248454907121 -0.6423262373779786705 0.01138868273499914902 210.6328193587574162 0.6423384809129548678 0.7664150862800396258 0.003031742204904696973 71.81744630600654489 -0.01067582582413682118 0.004992023458294385894 0.9999305508107872997 0.6613095058620794831
0.7682026417417824327 -0.6401337443684019801 0.009669050720526872755 212.3640645531889675 0.6401026639623065284 0.7682624737816352578 0.006430471777462492058 73.23638931235586824 -0.01154473080263447755 0.001249279717103247934 0.9999325769725092572 0.6226516980250464961
0.77003610921847232 -0.6379879220604990353 0.003975148375040137363 214.0894898626995655 0.6379817232985177666 0.7700462884817581566 0.002834489816943888338 74.65676413470852424 -0.004869418520777625374 0.0003534125004165577979 0.9999880818604159893 0.5838490361789008265
0.7704375141148498418 -0.6375154197633734476 0.0003555396749444061769 215.8114808857209255 0.6374928810275929392 0.7704053366148831961 -0.008856859175119604494 76.07408136067422788 0.0053724746318559672 0.007050310577444370702 0.9999607140468527167 0.5546518091471526191
0.7700255452979665183 -0.6380087306864262731 0.002349288501744051412 217.5443142412206043 0.6379594000410185872 0.7699078138537029936 -0.01580386238599707643 77.49459696294503885 0.008274266606343547159 0.01366812843468732247 0.9998723512415071957 0.5443120755044152936
0.7700363319666813089 -0.6379653906659648044 0.00664889191685158823 219.285080669741518 0.637983193821775374 0.769898461214503893 -0.01529064486887321203 78.91223486878283211 0.004635930571739638184 0.01601623338872104618 0.999860984545237641 0.5540670966933205488
0.7705211676852842251 -0.6373425958992443574 0.009567946557057475584 221.0270084093368155 0.6374137128821373288 0.7704113134533147056 -0.01304479716004367483 80.33409834652965742 0.0009427506108875559386 0.01615003267956639788 0.9998691352700785906 0.5673677894284736567
0.7709860316215984 -0.6367950645351296846 0.008519673003103619968 222.7745794066363771 0.6368498968281890438 0.7708796053023829753 -0.0129167735432370364 81.75744105912288262 0.001657695480113397218 0.01538440484849162328 0.9998802789000055258 0.5639519714253018456
0.7712290798686953774 -0.6365190287120794377 0.007016584091755118449 224.5232257448564894 0.6365407812435791568 0.7710813620927552403 -0.01579135355171790156 83.18605574948701076 0.004641139806079629115 0.01664509298899972609 0.9998506892034869642 0.5546472049915762703
0.7713296480008635658 -0.636406213664151954 0.006140466148563498115 226.2796339206073242 0.6363918138611834863 0.7711269164690839339 -0.01920255054296851963 84.61396559890276592 0.007485543756920540019 0.0187192389412642185 0.9997967577103473724 0.5459385533928395873
0.7710818611083449792 -0.6366971262989752356 0.007037956544184483659 228.0447869982693589 0.6366831530105603321 0.7708282994785264908 -0.02140783491095157517 86.04583377950098111 0.008205250893328254122 0.02098814154873942378 0.9997460536416773458 0.5337143322911139798
0.7709039326056651431 -0.6368977599669269907 0.008268617915388843526 229.81376211236838 0.6369066639824170206 0.7706308857799322176 -0.02186182190087756702 87.4841682788373447 0.007551693049152909121 0.02211970232954673168 0.9997268080335465212 0.5303358552646058044
0.7712344000636841557 -0.6364690733123931077 0.01022833687716873281 231.5867670472384816 0.6365196593251347679 0.7709364594371740376 -0.02235394379273849055 88.93112176812003611 0.006342196072626442652 0.02375066793456814124 0.9996977954970382996 0.5240942369469117068
0.7718397074307902228 -0.6357422874987432859 0.009757557020971422551 233.3725726776864065 0.635784256615493093 0.7715527352201240197 -0.0220171708952382611 90.37513443106983857 0.006468776780592697118 0.02319742787919601076 0.9997099750761480053 0.5154777329478397174
0.772665444770297416 -0.6347352265902389545 0.009965068156141551614 235.1616099495732044 0.6347731660898590089 0.7723443886729637331 -0.02339172711968991181 91.82646790162390005 0.007151088740513848047 0.02439953710265584108 0.9996767100012891039 0.4985854000492433435
0.7732015987705720406 -0.6340717551224949178 0.01059702856985393453 236.9568915792694952 0.6341193928874478969 0.7728539666272280506 -0.02427636366126501716 93.27960566235299211 0.007203000950016585566 0.02549030451835264388 0.9996491190177060338 0.4972225435627177781
0.773298064372898053 -0.6339204362296509965 0.01244926373478521565 238.7551538300290304 0.6340084890535299111 0.7729034437029582705 -0.025563695354313902 94.73790062636740572 0.006583270098466727401 0.02766129502602946572 0.9995956749167603794 0.490196587811210005
0.7733995935263209276 -0.6337457513851992852 0.01481186465408296411 240.5580647657850193 0.6338887232132958127 0.7729240614731540671 -0.02781154038994587685 96.20221444657848053 0.00617699897518160599 0.03089850800690979032 0.9995034401574651728 0.4787711444585773801
0.7733603108995804609 -0.6337381224226273924 0.01702415089063626791 242.3617544805427428 0.6339397342519289547 0.7728006238537548089 -0.029993484423137734 97.6702512085271195 0.005851740074367467286 0.03398805612991421393 0.9994051076408464462 0.470965973410064187
0.773124053775174791 -0.6340365213484621121 0.01663992399567013405 244.1820292469535048 0.6342230147262984952 0.7725563626084809288 -0.03029577833030032072 99.13390808360600204 0.006353350747911240548 0.03397581771634626546 0.9994024608458694781 0.464636112983031202
0.7729925544603231113 -0.6341863116433514858 0.01703622238368679778 246.0034962241615801 0.6343861251590521277 0.7724218996513289026 -0.03030929139250720245 100.6016342459333828 0.006062586460247871081 0.03423639968271140199 0.9993953742049127564 0.4607568362156035935
0.7730707488026440366 -0.6340698713713184276 0.01780493091474918618 247.8295495929677941 0.634292415421288891 0.7724719199103342593 -0.03098813787676265447 102.074402410913109 0.005894835429968405677 0.03524955558871391975 0.9993611558120776284 0.4512784241311611488
0.7730630875096602406 -0.6340327997373951252 0.01938740795443575152 249.6540805891557682 0.6343019443241669775 0.7723857631683204161 -0.03288276572115985535 103.5533198867743749 0.005874194124553397227 0.03771792295516107618 0.9992711604621318244 0.4398501491480308889
0.7732136673687638462 -0.6338854333706002153 0.01816265274438242164 251.4780657155872632 0.6341125825856473996 0.7725640338815878971 -0.03234263686172272195 105.0311975229173953 0.006469714113250475511 0.03652493549857542543 0.9993117991328420713 0.4365723768430460616
0.773142275772062626 -0.6339810609878404613 0.01786157111588788232 253.3134684758879018 0.634196370010171151 0.7724903224960359971 -0.03246022051515376483 106.5184565729388027 0.006781274210498336973 0.03642411232552359573 0.9993134134801652246 0.430433925710245413
0.7731303085682658116 -0.6339971674336783991 0.01780779770804140349 255.1010035114402115 0.6342059663002735936 0.7724550544120636353 -0.03310560711408447321 107.9661853927856612 0.007233137788977640759 0.03688875979656010273 0.9992932007766276437 0.4245884840968601193
0.7727891363828145455 -0.6343831344510393322 0.0188411627236291894 256.9898289856506608 0.6346278443426254245 0.7720940473760309342 -0.0334407115882967565 109.4882837761104355 0.006667073851099625595 0.03779974511255205366 0.9992630931820158935 0.4298992771244083411
0.7723730052701853754 -0.6348844439658588579 0.01901797938962788981 258.8370139389342626 0.6351397881392517597 0.7717026888592979361 -0.03274766449315137662 110.9733984679216263 0.006114756931268358273 0.03737248744051998445 0.9992826962027210325 0.4278110390284324271
0.7720564038122145201 -0.6352126556939946544 0.02082765898351099723 260.6221645779546066 0.6355365521068226942 0.7713775711176023009 -0.03270984122371077552 112.4215791341150492 0.004711716112275801845 0.03849058096328393519 0.999247854592836382 0.4205850907781525372
0.7718477589377799042 -0.6353909796661191267 0.02300738971844393937 262.5257110059928323 0.635798847073986706 0.7711443050691654255 -0.03311022227022032 113.9621491618127465 0.003295919009353325858 0.04018412271436987843 0.9991868559981963438 0.4282774740345769438
0.7715943925412049875 -0.6356583064920003912 0.02409586658933143832 264.3760650210792846 0.6361048343818539452 0.7708160018245362455 -0.03483290121811291606 115.4598431914782566 0.003568343453622909063 0.04220436848193155621 0.9991026264633871001 0.4249018302124225599
0.7715272741334455731 -0.6357499657604523957 0.02382532903862629586 266.2261287365355429 0.636180092292920274 0.7706995994460592581 -0.03601413033595591423 116.9584641541503061 0.004533810581236586736 0.04294308383508917137 0.999067233029061974 0.4131639305818082253
0.7715066576030409351 -0.6358183187028187966 0.02263940980027844344 268.0768146515212607 0.6361944602245931391 0.7706590443166521087 -0.03662302817194328097 118.4693701158322625 0.005838326277515304592 0.04265797715392947304 0.9990726755003421777 0.3904562331772338801
0.771461573483849361 -0.6358842235716845037 0.02232251890937642438 269.92775749628413 0.6362426473150455397 0.7705875938371978817 -0.03728342744089436361 119.9826000194649822 0.00650648717558260925 0.0429652701240651122 0.9990553794398987497 0.3884724572588658109
0.7711157123225251819 -0.6363026438909263893 0.02234957688059453426 271.7922679258064136 0.6366629399413433754 0.7702492372056952696 -0.0371000470254423606 121.4910289225159374 0.006392113466618687748 0.04283757651246756365 0.9990616011657981188 0.3812363965316387659
0.7706402870149546835 -0.6368494500675541126 0.02315871279156469023 273.6627026390024753 0.6372387393379619347 0.7697308300928592528 -0.03796364433932522542 122.996769627338935 0.006351150799126281492 0.04401394271377787049 0.9990107285361429224 0.3748351367842426285
0.7705284090154392862 -0.6369918265038835292 0.02296483980745811504 275.5300757333742467 0.6373724529877883294 0.7696202984198456942 -0.03795987924740051866 124.5106332016434294 0.006505925949888653921 0.04388632164346889519 0.9990153470793832202 0.3725704081451173266
0.7705104966348649276 -0.6369965116060720689 0.02343114971974931751 277.3959958574889129 0.6373919572085696705 0.7695599160602200062 -0.0388462157644230352 126.0319078262355106 0.006713230319509534867 0.04486624338054875927 0.9989704463814705893 0.3539724380557687233
0.7702017050961138533 -0.6373262701707409494 0.02458777780301792115 279.2649604806853745 0.6377678563513197174 0.7692005559038662676 -0.03978273749034299395 127.5510934238286325 0.006441651347379871023 0.04632202659032656766 0.9989057888412119501 0.3515049375870893389
0.7703883311345237628 -0.6370997340446207247 0.02461195100021538323 281.130093808240531 0.6375429421041876044 0.7693886596568736413 -0.0397503127602299236 129.0763487213588974 0.006388757696136613748 0.04631435276103031129 0.9989064843634898327 0.3494303167625270046
0.7702694831004930354 -0.637222737911564141 0.0251417122048037088 283.0034645626614065 0.6376843861275944825 0.7692214723888335381 -0.04070565200347475016 130.5977854078461746 0.006599022137574110485 0.04738679884150195226 0.9988548163784278788 0.3479190692659759332
0.7700676554817581509 -0.6375113378973137346 0.02398124336237283591 284.8789066053751071 0.6379239333094098852 0.7690653289387671121 -0.03989455019620576776 132.1203470949937184 0.006990085255550787177 0.04601971182746654454 0.9989160749689820484 0.3399422804241358786
0.7698370175639306368 -0.6378343632197555069 0.02276601599580591051 286.7593694784824834 0.6382031894933632987 0.7689162980195306529 -0.03826768297713514788 133.6440765368974155 0.006903282463467977706 0.04398922295277998135 0.9990081545989702994 0.3436107452604049151
0.7695758583083514015 -0.6381682530743144621 0.02223238801933179187 288.640166264749837 0.6385224208229648424 0.7687157084996839584 -0.03694966322187019647 135.1684153482740101 0.006489716122064617503 0.0426314470069544954 0.999069789009130349 0.3377607816362990789
0.7691813748573411713 -0.6385720751999167666 0.02420159803488643874 290.5211310347985432 0.6390019352233433647 0.76823691776795755 -0.03858192529164938128 136.695841916246593 0.006044779019316483433 0.04514136632026399115 0.9989623204572569692 0.3390456791959133298
0.7690455211388063095 -0.6387211035930938641 0.02458329191060803012 292.395337560965686 0.6391625209228187776 0.7680569084985893191 -0.039495026967667754 138.2334197734984116 0.006344940025647765464 0.04608619242690702167 0.9989173161997247918 0.3257722739482049601
0.7690359607994814439 -0.638684719336704787 0.02579767979902568981 294.2674270839776796 0.6391739275640579976 0.7679701850552397291 -0.04096932008902733069 139.7760753405291609 0.006354629773222459678 0.04799608475714984418 0.9988273096629015635 0.3321296376905187309
0.7688399242614583073 -0.6389466795087822559 0.02514580693349547855 296.1432453663470596 0.6394081947100813679 0.7678053226958535538 -0.04039983883025929229 141.3116568137278364 0.006506258466264011782 0.04713944404230626523 0.9988671290097359545 0.3294159854903440099
0.7688614876930328634 -0.6389713855514864704 0.02382396249304638905 298.0224900396566454 0.6393786401285063148 0.7678841484856594457 -0.03935592778573470535 142.8500137084935204 0.006853268554387925357 0.0454917899281560914 0.9989412043555185861 0.3268394050257064087
0.7685378796476904917 -0.6393773550106470749 0.02336932703825960259 299.9079644789484291 0.6397706369875112431 0.7676100319237459946 -0.03831932852516943544 144.3834098080205308 0.00656198104433195796 0.04440086473949379081 0.9989922440215234234 0.3329307210786833782
0.7684634941263178698 -0.6394729800522498397 0.02319840464914721054 301.7893052937192238 0.639857064586355162 0.7675268779236013028 -0.03854125794239580266 145.9224519565200637 0.006840693978217969422 0.04446121284832696419 0.9989876903435558342 0.3271626255197819244
0.7687814005949646923 -0.6391228893955183121 0.0222955230925065348 303.6694364135412343 0.639471413524303034 0.7678745952362527882 -0.03801206750481773283 147.4663014062411719 0.007174216645337615564 0.04348032016309301417 0.9990285243045068375 0.3329198189013400366
0.7691327670197327659 -0.638724175955208362 0.02159198339452443952 305.5525242003685094 0.6390505768447640733 0.7682768122928363974 -0.0369472587282492701 149.0091209945881872 0.007010487211579805901 0.04221571678294575025 0.9990839235647616112 0.3342024251350410591
0.7694757954427356994 -0.6383088846621103318 0.02165105053298536225 307.4343447959279843 0.6386471905491978296 0.7686770258528806687 -0.03557240404564258884 150.5529222221497037 0.006063516420838447121 0.04119948649416103198 0.9991325417987503288 0.3316246118219727812
0.7698787993201948732 -0.6377996942713057837 0.0223200435645631301 309.3189444351143038 0.6381591787951669259 0.7690260873593416369 -0.03676600984959556284 152.0955915398629372 0.006284654069501830267 0.04254911219063504946 0.9990746099141021297 0.3258704351256422882
0.7698900749691801604 -0.637770682696955471 0.02275585103241663243 311.2072279160594803 0.6381391730911005755 0.7689696792569660211 -0.03826262079425790663 153.6340188289287312 0.006904218316111871215 0.04397941195261914626 0.9990085800901538082 0.3153268857316045004
0.7703672285532849884 -0.6371485551440073669 0.02400108016391111834 313.0901175509776522 0.6375712579948816794 0.7694257899540904999 -0.03855962567696667731 155.181861179670193 0.006101159722104321746 0.04500747084015772198 0.9989680192171407347 0.3006819195337488981
0.7705399811308215607 -0.6368759405510625582 0.02563540181297565071 314.9854719246984587 0.6373648761701483645 0.7695154065304975477 -0.04015038899954266605 156.7210195890666853 0.005843980109890153755 0.04727658468420197629 0.9988647418129606992 0.2908632299547393441
0.7706005926082255542 -0.636774388036782768 0.02632689522584275715 316.8795473081744944 0.6372896771884205558 0.7695160470877207004 -0.041314895904110846 158.2567775776927874 0.006049299209860455571 0.04861514182710566928 0.9987992661011521056 0.291484761395304437
0.770971226535334675 -0.6363805265816890877 0.02496383869147152448 318.7753729175041713 0.6368323821220808201 0.769907337907315914 -0.04107563897477677084 159.7974060059708279 0.006919894169549289757 0.04756591662190742115 0.9988441313040788971 0.2783039221423524445
0.7711480470912599472 -0.6361767357417561497 0.02469514867944249889 320.667175766345963 0.6366225732058391484 0.7701307421073544379 -0.0401290337031882452 161.3362356477739183 0.006510664490814705059 0.04666691506988043109 0.9988892883026370129 0.2704375516608545915
0.7715852881439663191 -0.6356672206924216528 0.02415217706469703976 322.5636616760328366 0.6360960074237187456 0.7706247496509375239 -0.03897902724586881779 162.8801125390599225 0.006165424510668338423 0.04543874737051969981 0.9989481006428718723 0.2707412537813689291
0.7718828002938885602 -0.6352722324643775842 0.02502265513871185579 324.4574969172500118 0.6357350242489868686 0.7708673061796894599 -0.04005714925464704673 164.4275666840952681 0.006158047872916229577 0.04682720280985022687 0.998884023059434023 0.2635300481030142805
0.772025893247579531 -0.6350709871578542609 0.02570722516386089035 326.3537922029887568 0.635565997526829185 0.7710044002275406871 -0.04010084310207065461 165.9686306516805985 0.005646498295717330626 0.04729752742077318606 0.9988648862368111336 0.2706666182435504275
0.772276342084178169 -0.6346855124005456039 0.02763244118673279653 328.2518961290498964 0.6352658681037922639 0.7711674604431572044 -0.04168962432052850803 167.5098612246436574 0.005150561077843250624 0.04974985731143814066 0.9987484284934193823 0.2695903183116683532
0.772471056787408239 -0.6343939110542384796 0.0288588295509648908 330.1545856758220339 0.635028422514393176 0.7712724807958351025 -0.0433320085608707925 169.0515727289533174 0.005231541324129718 0.05179889945109786981 0.9986438329009141857 0.2699314780539192604
0.7726254824364615637 -0.6342287170306657451 0.02835133830105354691 332.0567955246692691 0.6348351739163019536 0.7714108031125529452 -0.0436998260855215731 170.5934043818204771 0.005845155984552157999 0.05176202599282481165 0.9986423417904101152 0.2713330881951527829
0.7730205840730567379 -0.6337970347418941941 0.02721204424023261972 333.9592285372697802 0.6343429122768935446 0.7717931055171778354 -0.04409616672931661319 172.136173211156347 0.006945951584885073221 0.05134901195283604614 0.9986566140210797471 0.2407818914684016764
0.7734485449922396949 -0.6333479179538389348 0.02545119000999215841 335.8695544842776144 0.6338189243944957196 0.7723237994512557325 -0.042302717177284066 173.6752834680858939 0.007135778078949973902 0.04885042092668175073 0.9987806150734473976 0.245324408885348344
0.7737114123824455625 -0.633063028004243189 0.02453269090947775635 337.7826078460170152 0.6335030723735085578 0.7726804683014544262 -0.04048149205217486946 175.2093957761771037 0.006671404836049419501 0.04686252745578076834 0.9988790696966123317 0.2466397225953032013
0.7740557296325437653 -0.632595159770790505 0.02571169495770898525 339.689139239731503 0.6330899029286535251 0.7730045225792196995 -0.0407576113365421891 176.7535041851352844 0.005907811169829328343 0.04782647704609393341 0.9988381880267399593 0.2388278960264909045
0.7738832162588932251 -0.632732449819671805 0.02746660768984300269 341.6024783793429265 0.6333047522550053765 0.7727521406771330481 -0.04218079954356764721 178.2900040941201496 0.005464280741088862331 0.05003774599344923413 0.9987323793749142142 0.2385983166292733326
0.773765613493985871 -0.6328511841660571235 0.02803843922002464614 343.4745667605590711 0.6334448062755095865 0.7725640019919483015 -0.04350333583493289774 179.7949593898041769 0.00586964878488070458 0.0514221890413479113 0.9986597547199637104 0.231080730193732764
0.7738885033158978688 -0.6326896644513960721 0.02829086304550249009 345.4264114717726102 0.633295016108571418 0.7726718886738084269 -0.04376728258978401093 181.3702371685170363 0.005831552754099411651 0.0517874593857387891 0.9986411027205152058 0.2365484907625827748
0.7741146682649621136 -0.6324989704089410969 0.0262970114016233894 347.3361588820516204 0.6330129060923966877 0.7729858709241257397 -0.04227888447120449478 182.9126357336980959 0.006414132637089889864 0.0493750522359256358 0.9987597124029450324 0.2267552820551279602
0.774257590005674734 -0.6323250210571538243 0.02627264858506941567 349.2504547833412403 0.6328425301811975157 0.7731649175241852578 -0.04154927560956966914 184.4512196839701801 0.00595955639831353013 0.04879629140508376373 0.9987909719419001409 0.2221095038234623953
0.7743294363765048649 -0.6322168093136705247 0.02675499919802408824 351.1624095209348866 0.6327601181277555664 0.7732523268543292083 -0.04117610862277348155 185.9935952280628442 0.005343862628585128831 0.04881336943509965998 0.998793621373604501 0.2317274304358232229
0.7745526467709280549 -0.6319463734204313621 0.02668292526906910697 353.0711087502334635 0.632484177854253482 0.7734551470811190654 -0.04160408895473603763 187.5374605147790703 0.005653507245864096767 0.04910108526793759143 0.9987778137710767723 0.2316015584653052795
0.7744047585420852364 -0.6321440686124244479 0.02628966461378024269 354.9858771106395352 0.6326578945899338224 0.7732742070960694214 -0.04232007860315546016 189.0775392745790668 0.006423267113153792625 0.04940523411618836375 0.9987581611589052555 0.2081761049307129241
0.77447484274704681 -0.6319908403556300236 0.02786208281018811433 356.9041451381051502 0.6325810308796954162 0.7733132794230146434 -0.04275290913147777178 190.6151769434407868 0.005473328340148345648 0.05073607764310426177 0.9986970977740317057 0.2117012079794069468
0.7744382176632316206 -0.6319371438620958736 0.03001488347493750167 358.8213172754730067 0.6326292564620622505 0.7731613922057305466 -0.04474019971742339286 192.1556245800331908 0.005066644930872822757 0.05363681394260353535 0.9985476559980654976 0.1962572494071275209
0.7740507190874422738 -0.6323660130738246732 0.03096303908418788359 360.7397098226150547 0.6331014569153261551 0.7726885237340396229 -0.04620595785612399697 193.6971618635316759 0.005294292389453787717 0.05536850005938236119 0.9984519516077221546 0.1946319601409376432
0.773518274881040746 -0.6330181150313094474 0.03094421540880806093 362.6579576945512713 0.633745779747537985 0.7721006047073051271 -0.04719049547100388764 195.2402131076082412 0.005980391061114614069 0.05611347657044333387 0.9984064866926368742 0.1971481809029558274
0.7728557402419415912 -0.6338924834715322643 0.02956897315386066219 364.5764562129427304 0.6345427772791554233 0.7714524096770063455 -0.04708124261738026728 196.7846652926066611 0.007033390216436400527 0.05514978696090940685 0.9984533201007594894 0.1897274090697114168
0.7722172600809321663 -0.6347312155763467079 0.02822741940155448076 366.4949091320518164 0.6353206207421310259 0.7709231858419907102 -0.04522333900840015686 198.3286721021676158 0.006943492848078652337 0.05285570455692197023 0.9985780201881373497 0.1874569038431668222
0.7719168463471610675 -0.6350413434531453349 0.02944273137257419001 368.4095610652563551 0.6356948936831506858 0.7706143849918062338 -0.04522689231937135346 199.8747467777410236 0.006031954129549104045 0.05362799407888189235 0.9985427651234844992 0.1820609601313751824
0.771467887928164453 -0.6355355608739904349 0.03052619793291755715 370.3189413508827101 0.6362379623215627111 0.7700746166703444917 -0.04675831542012358344 201.4269225405571433 0.00620912204445663897 0.05549446481050582941 0.9984396883031205761 0.1731681248305105836
0.7707033322908592998 -0.6365362136892712686 0.02894861409276315231 372.2326661973680189 0.6371560223329937322 0.7693645592156754809 -0.04593885313835194273 202.9768669255942086 0.006969705916530624483 0.05385001100274605657 0.998524711519169772 0.1702769890258877261
0.7704352505415363872 -0.6369403871314166521 0.02713794325075489719 374.1385681668429584 0.6374807221004151758 0.7692296851424754722 -0.04363508274245946061 204.5290593471704028 0.006917634952300962675 0.05091792156489874377 0.9986788831201837136 0.1757759425924698693
0.7701260458587317892 -0.6373412231067673295 0.02649601514878157163 376.0485765106472513 0.6378603365162686112 0.7690113627552996878 -0.0419012535921020543 206.0826640609943468 0.006329659496947572135 0.04917000388455149834 0.9987703670657464006 0.190837336887031972
0.7697878135585415338 -0.6377417102703918372 0.02668769525747147903 377.9559047999575796 0.638269541178244082 0.7686705651854289778 -0.04192320385689762147 207.6397547591237185 0.006222129930655081499 0.04930591444146135288 0.9987643425254114637 0.1804142558703871746
0.7695002323816930723 -0.6381751547209713049 0.02453292199035164364 379.8651982158781379 0.6386152906183700795 0.7685147060419621479 -0.03944182026290398574 209.1916931524741585 0.006316878416990008224 0.0460175889644478045 0.9989206567855948293 0.1728634348079685079
0.7692867311222775228 -0.6385167641609802436 0.02223212100973798525 381.76429703868979 0.6388718758085110139 0.7684353048828695965 -0.03674110110605732088 210.7488088946698213 0.006375862303640279956 0.04246791842040505138 0.999077486626999689 0.1696180604475916454
0.7687784301291509248 -0.6390898847429152818 0.02332047571224718854 383.6662595813801317 0.6394903610948964312 0.7679156751930835689 -0.03684554056421971563 212.3059561297891946 0.005639453420083378674 0.04323927626635049731 0.9990488284128483665 0.1740755684063601816
0.7681814821968647733 -0.6397272825966221488 0.02542074568869794743 385.5691122929945323 0.6402111334152222888 0.7672287681870181286 -0.03859691590564174463 213.8573878909934649 0.005187972727791361795 0.04592408047824506068 0.9989314609978020565 0.17312612264415006
0.7678736033607843625 -0.6400760751662774029 0.02593737190732683939 387.4647326317936518 0.6405779902438328843 0.7668699164434675808 -0.03962789004175130275 215.4178891151524624 0.005474274097710098153 0.0470441202885467924 0.9988778118816034057 0.1676212995439392284
0.7673751815983256286 -0.6406778098845323788 0.02583165864778723744 389.3591003599582336 0.6411692573033824782 0.7663336069815362972 -0.04043249064424787181 216.9754863743542614 0.006108531408258979951 0.04758935524071855605 0.9988483063567795694 0.169969108956294912
0.7672076494939981117 -0.6409237963223648471 0.02468015124796260271 391.2523408102993585 0.6413608335515058601 0.7661754207289146468 -0.04039190335931611836 218.5326660671861418 0.006978806775677966028 0.04681785961146017749 0.998879063889813068 0.1772537955786976926
0.7668469935576724961 -0.6413793398287455094 0.02404643242565477138 393.1451657142927729 0.6417885862228772664 0.7658338620241820216 -0.04007376162985670787 220.0844759927616394 0.007286910566169295216 0.04616316949656736057 0.9989073343991582421 0.176744673104975103
0.7664759154564745325 -0.6418227841330998995 0.02404547343671058213 395.0358893018337199 0.6422391062708773246 0.7655132005557171437 -0.03896755254474103258 221.6391204277274483 0.006603135735704756225 0.04531063387968178174 0.9989511224558873526 0.1774219515823651783
0.7660315519474227841 -0.6423425969543088421 0.02432384753728725549 396.923501504253295 0.6427728989866912102 0.7650810765592119811 -0.03865160564895082224 223.1935704353317931 0.006217857289111034837 0.04524305945657799283 0.9989566576292190359 0.1903033320788705129
0.7655717661337506641 -0.6428929973921666541 0.02425829348831719592 398.8064372485845865 0.6433209158302466424 0.7646305361550314039 -0.03844921890756609201 224.7490667368607831 0.00617010163469464655 0.04504150400891170081 0.9989660618671851733 0.1930737329760849885
0.7654047500284945071 -0.6431201216433938272 0.02349633527178425843 400.684735035145934 0.6435257167784914634 0.7645546427812017765 -0.03648081751328866723 226.3048569493284106 0.005497315576410295376 0.0430430870070365526 0.9990580924963062825 0.1885114257687661166
0.7649776304471584965 -0.6435831835986116634 0.02469637027027068651 402.5636652564377869 0.6440438111842070601 0.7641555748093682432 -0.03569070975877917939 227.8548491862519825 0.004098071591865452487 0.04320813901152965181 0.9990576872895720051 0.1999888618410725627
0.7644127271650804634 -0.644206109284547801 0.02591662224344988899 404.4331995291584576 0.6447132419025056738 0.7635136729545460854 -0.03730558841540729254 229.4061415231320211 0.004244792527988308292 0.04522565612485668352 0.9989677781412524826 0.1965099602636912746
0.7639306916609863718 -0.6447843286675501995 0.02575010374937743499 406.3033405451351996 0.6452816505176027784 0.7630158673475908593 -0.03766135527410029854 230.9513430544933499 0.004635713930499181686 0.04538673463183135609 0.9989587351216336897 0.19348891892327158
0.7639801246775328458 -0.644793987103120525 0.02398089434033430847 408.1658279235240911 0.6452226701269345721 0.7631614298039196553 -0.0356698474051419176 232.4960588592053057 0.004698409514975095298 0.04272407114611128515 0.9990758623311503106 0.1937219956784339558
0.7640447244098682589 -0.6447691311308862971 0.02254831794548170856 410.0249998673995719 0.6451405121194427883 0.7632573745616890726 -0.03509843015664176891 234.0353078453252635 0.005420214360305419636 0.0413636037830304587 0.9991294578573733931 0.1969906586170024898
0.7641222983530995272 -0.6447413276378121116 0.02063331275894019282 411.8750703332667058 0.6450440623202200463 0.7634044557735188974 -0.03364215466591745363 235.5685084560726636 0.005938924566356686315 0.03901611642602170055 0.9992209324438846574 0.2117688532236310373
0.7644598253461460935 -0.644422838035997092 0.01789919689178372936 413.7173010375499871 0.6446390694524972709 0.7638488912903805828 -0.03123045644678947019 237.0999381041450249 0.006453337675822438772 0.03541295090905959703 0.9993519286721541661 0.2248484113729258826
0.7645827617641346441 -0.6443020490773804232 0.01697262406987893116 415.5541879945572532 0.6444984242342225444 0.764043781482889095 -0.02930667393156882738 238.6245715671865355 0.005914522189714642615 0.03334620716087666886 0.9994263599161526956 0.2297198355201273134
0.7647486931190445869 -0.6440945661246171294 0.01736739074975309632 417.3824995341623207 0.6443097160974862181 0.7642415957852214392 -0.02828025837991763811 240.1416961672985906 0.004942278329888316786 0.03281726924043845001 0.9994491486436468675 0.2390436502974837563
0.7651623023540741197 -0.6436195592610062244 0.01674855196369721619 419.2077672306393765 0.6438275168040106244 0.7647471324563475115 -0.02545490140965316755 241.6523323876874372 0.003574865339279755319 0.03026030958965629861 0.999535659194480286 0.2528828639844351578
0.765793969317128731 -0.6429105778707369101 0.01501950130435954385 421.0230164993686799 0.6430813688411625151 0.7654909887439034222 -0.02167715851439034475 243.1532227948076468 0.002439181603167724002 0.02625899872037073743 0.9996521972062635264 0.2639913241304827629
0.7665087516378976673 -0.6420882058737444886 0.0136773367417630503 422.8323438109917447 0.6422321545858559189 0.7662837637000428082 -0.0186293613875006224 244.6454713551554221 0.001480972154002814945 0.02306359398560312718 0.9997329030065712496 0.2822252492874539609
0.7679263571026003765 -0.6404557770731686972 0.01027169317752683712 424.6295302583665148 0.6405317074910661379 0.7677480285137586735 -0.01679572599848434822 246.1374260817472077 0.002870847559322859451 0.01947722585073512203 0.9998061791704683232 0.2775451616588202608
0.7686645163868380815 -0.6395984267120441435 0.00828937846078648885 426.4267553350973117 0.6396425524064806023 0.7685174906705056763 -0.01543605145209770227 247.613451827079615 0.003502341889506084202 0.01716738422086980242 0.9998464954783319314 0.2807182761749000832
0.7689106312307600888 -0.6393123439015564458 0.007494539039338846999 428.2210127315171349 0.6393405268584061441 0.7687566077147216514 -0.01603024676570178123 249.0804146886630974 0.004486858224833468502 0.01711738969737239963 0.9998434192778480334 0.2613309648426971332
0.769492018229905872 -0.638624223390472423 0.006413671287351050201 430.0110529186124495 0.6386402771771977349 0.7693623353004983567 -0.01483891465018760854 250.540640296072695 0.004542053224947408679 0.01551445519119148964 0.9998693271786179837 0.2763624446343946328
0.7694986907755675398 -0.6386306387153135589 0.004761532186000077063 431.7890488099989739 0.6386293248587904259 0.7693967269587077551 -0.01346335677434659824 251.997346298144862 0.004934604856836107695 0.01340088949654270542 0.9998980277186311216 0.2799153774433711384
0.7695750595961106111 -0.63854292597639839 0.004142382544214272613 433.5633881937779961 0.6385429670042005457 0.7695007051283155874 -0.01146926747868715242 253.4465514153320669 0.004136053325962733146 0.01147155144368338861 0.9999256455208855865 0.2916050729932433416
0.7690205981744551167 -0.6392146489292575007 0.003457192162638928357 435.3321127685558167 0.6392076391224125187 0.7689509774853037216 -0.01131319194337741287 254.8879666771042309 0.004573146723539561753 0.01090994127583146123 0.9999300273071125567 0.2932980121089237002
0.7683189787321796915 -0.6400644058759504818 0.001871697253049322022 437.0949323369910076 0.6400470029759963708 0.7682683218208227194 -0.01017937464001862462 256.3281579261081333 0.00507748967359538967 0.009018980944843981926 0.9999464371061737022 0.3046959389349581659
0.7680060363376647325 -0.6404425928981003491 0.0001155459546779554695 438.8438367797961632 0.6404208561213089457 0.7679784582466651077 -0.008379422051969157362 257.7694317296569579 0.005277801981820432614 0.006509444756149464738 0.9999648853510844093 0.3121177173511933134
0.7674847931945305568 -0.6410670394722651766 0.0003783086227580462462 440.5829005842476249 0.6410531161155416102 0.7674639520028889716 -0.007069985478156689575 259.2016858178793086 0.004241996428895154249 0.005668622264063846207 0.9999749357798547456 0.3229251772558008327
0.7669692895460437088 -0.6416835959095777975 -0.0005211849870720789693 442.3275034697564934 0.641672950411241616 0.766960784387427319 -0.005194220091055326734 260.6346185038318026 0.003732774272469909817 0.003649376984617904753 0.9999863741290953012 0.330795143637940825
0.7666169356025578363 -0.6421035816492935977 -0.001210157218136938316 444.0517349613040778 0.6421004501039392354 0.7666173485827638689 -0.002202913582450056855 262.0620136261676976 0.002342226219291490986 0.0009117483655128564039 0.9999968413406392642 0.3461885430538789166
0.7660968196158102206 -0.6427202830454266103 -0.002510126799074993784 445.7682622288027687 0.6427211091589239977 0.7661000273139095817 -0.0005692022044037049972 263.4856071639047173 0.002288846011257159464 -0.001177247481919032213 0.999996687630665626 0.3442657710068113275
0.7650533204741906124 -0.6439583807686628525 -0.003319739329712460395 447.4409443268484097 0.6439631907003380284 0.7650562889791653332 0.0005326504182668535163 264.8771989799366793 0.002196782751105122965 -0.002545295902202059524 0.9999943477911835688 0.3509434044416857024
0.7640310924709388107 -0.6451567630544227105 -0.005407478414493870934 449.1413986294570577 0.6451724099764920561 0.7640350329320827472 0.001740648613724825973 266.2998239186776459 0.003008511723251474507 -0.004818665542527075102 0.9999838645296235118 0.3535140551730757696
0.7623779527756503471 -0.6470957724536285927 -0.006849700303669768384 450.834072735595214 0.6471212435973420218 0.7623836420034220129 0.002297496600131006088 267.7164744289941041 0.003735399126972344889 -0.006184147333296766136 0.999973901216987926 0.3620752245514873291
0.7603548359658497402 -0.6494404026560991472 -0.009364124157097791085 452.5229099996550985 0.6494852050460111492 0.7603697786737592113 0.002601558371315014235 269.1330687712879239 0.005430639896605882547 -0.008059967586925776556 0.999952771421136255 0.3584459455350392787
0.7580144892629263609 -0.6521587113875519925 -0.0101513166039027547 454.2022862329938562 0.6522183379876077547 0.7580201237172522477 0.004090431806581812033 270.5483787746383655 0.005027291531984313076 -0.009721481420514403379 0.9999401077758822698 0.3606870675296034445
0.7552858269588850204 -0.6553587256426860463 -0.006946964734887879633 455.8661797837834797 0.6553931192337050238 0.7552694372214866503 0.005285495270400029054 271.9633115109333517 0.001782934700916475809 -0.008545052552996076911 0.9999619008845881396 0.368007648061443815
0.7513755991142457846 -0.659855524601492438 -0.005039415501574005633 457.5228793530811231 0.6598721746253742859 0.7513721448190786578 0.00293481603462911406 273.3793164961448383 0.001849921859913108632 -0.005530519222174005989 0.9999829954285449629 0.3740709646452275994
0.7478204016355715078 -0.6638519692929337745 -0.008075256250194290039 459.1661728456639366 0.6638783449156838712 0.7478401370063259002 0.0008201428974047628552 274.797174137116599 0.005494547262962722577 -0.005974307345084806098 0.9999670582584816447 0.3754866902180100663
0.7434408673498920095 -0.6687372540220948292 -0.00928234006210228689 460.7847541702575995 0.668773759189821293 0.7434650366138256805 0.001182519309706329524 276.2166456869188664 0.0061103005781317438 -0.007086918638676493847 0.9999562189471364881 0.3914724481127689337
0.7382502157556232181 -0.6743863590966189259 -0.01377162304094704977 462.3998435854401237 0.6744623492912260598 0.7383082133655257673 0.001233477022642264767 277.6527702101450927 0.009335862324176069996 -0.01019905590784558197 0.9999044058975101734 0.3968038794295476457
0.7337122544622349807 -0.6791236348089655372 -0.02138729285822245363 464.0059908471450854 0.6793288326916738784 0.7338259918145035865 0.003427945627935892903 279.0980332989501562 0.01336655249914101354 -0.01704413040665803472 0.9997653889253060866 0.3990042419636996573
0.7290999034627549946 -0.6839472557956643994 -0.02508948106640185305 465.5958505089882351 0.6842900895507597614 0.7291634463473679606 0.008230543933566017781 280.5547376197184235 0.01266507454437648152 -0.02316937203311916077 0.9996513272568472441 0.4135810894767844026
0.7246842457855602326 -0.6885668212754334494 -0.02661722278636571848 467.1763507531616142 0.688968706223624161 0.7247229002598498671 0.009941814899561333616 282.0163098609874055 0.01244450701149783615 -0.02554311017861660843 0.9995962603809819269 0.4398183827630726128
0.7196897807938336111 -0.6938200640981744272 -0.02569704410489542443 468.7592645106665827 0.6941764400000495217 0.7197592471167151285 0.008105327805646914477 283.5061037328993052 0.01287204606041389594 -0.02367160418696875532 0.9996369168780403491 0.450109216404088075
0.7141666908401163028 -0.6996120334345974356 -0.0225597067353633246 470.3276700721888233 0.6999000033521526332 0.7141923965899659166 0.008319012004909380822 284.9975420125852565 0.01029189011477445181 -0.02173070009430970104 0.9997108850419087478 0.4713352755111692716
0.7078184256733099922 -0.7061082707068880859 -0.02010438550876602476 471.8798369716074603 0.7063312572868640782 0.7078490233372276563 0.006776071139746261268 286.5014975830243884 0.00944622977250205581 -0.01899658389977206333 0.9997749239419960743 0.482974233261211694
0.7016216857271621032 -0.7121900290512006571 -0.02263564970186115327 473.4280762783630507 0.712430469078069839 0.7017312807272260144 0.004004544684278692375 288.0229752826812728 0.01303214666034660865 -0.01893600192693717377 0.9997357605809878978 0.4968191377230566363
0.6953801502754243247 -0.7181988959628018421 -0.0252347466946048031 474.9574896073929153 0.7184439655478501718 0.6955841958495945221 0.0009459662533018755844 289.5583309577511955 0.01687349906829542154 -0.01878755764024391678 0.9996811055067044149 0.5189993134198642721
0.6897430135161621845 -0.723534411900232044 -0.02743228211120522092 476.4746941479132261 0.7238710765210606413 0.6899256124287722614 0.003648820497683388526 291.1046755547398561 0.01628618684297125641 -0.02237418402911923662 0.9996170046608585658 0.5449090683415507286
0.6841862531925808621 -0.7287307590699941828 -0.02899399468110462966 477.9804311623504418 0.7291765057784069803 0.6842756902943628594 0.008270616238593866618 292.6644191360327341 0.0138128332752768257 -0.02680038166600284474 0.9995453692451713446 0.5659392236141740362
0.6778984987544020013 -0.7346016240589678947 -0.02853207522166613386 479.4754739693913734 0.7350281198180779185 0.6779928575775847621 0.007703775079931675374 294.2428657734407693 0.01368533752705321065 -0.0261942551661164813 0.999563190865421447 0.5919894867271275896
0.6715074525321137466 -0.7404684288463557751 -0.02800441171744525587 480.9576975624993906 0.7408569643648938996 0.6716369929496674995 0.005891354136566870348 295.834127685846795 0.01444643713394821311 -0.02470335166202171015 0.9995904385651142032 0.6051921863799474277
0.6648667917711978959 -0.7464821782813133577 -0.02676764293434086978 482.410057863070449 0.7468054578887508566 0.6650340454498413489 0.003365480677685256123 297.4253829771485584 0.01528912252053941066 -0.02222781817912356656 0.99963601717402506 0.6158437182639151519
0.6583962185656295762 -0.7521300649564742757 -0.02854443495761551514 483.8906593920923456 0.7524701508279659778 0.6586237576494584633 0.001848775985782463238 299.0702184502148384 0.01740952300948875667 -0.02269606239587012783 0.9995908149139350884 0.625276742617096204
0.6530867001093250135 -0.75669791086854854 -0.02976632035517062791 485.3312667325459984 0.7570556002515218541 0.6533494091763069056 0.001169468588103394005 300.7074467788979177 0.0185628733799591758 -0.02329852390484875302 0.9995562007789930981 0.6388690198394815223
0.6478277502402723931 -0.7611608078242818598 -0.03087767236878581623 486.7606454511897027 0.7615768983672769332 0.6480685299398341037 0.002794346954269466901 302.3493375581190321 0.01788390035494979297 -0.02532597745219601279 0.999519264933990681 0.6689200495590785778
0.6426478846584644522 -0.7655049137369035472 -0.03171629531734175556 488.1486500179097447 0.7659548400420346237 0.6428854843221936122 0.003381872853829888045 303.9672287817580809 0.01780110558875475091 -0.02646660334221810629 0.9994911903300317535 0.6899240642974824311
0.6367778759647777509 -0.7704689217968799797 -0.02985929046275748872 489.5555970253164446 0.7708827622256185785 0.6369644178645198496 0.004012141312793086889 305.6335683050455714 0.01592807537609352078 -0.02557285513325847914 0.9995460597166829775 0.7218101113266608415
0.6303408023512357961 -0.7757633357607296443 -0.02935506396835022014 490.955850890043962 0.7761566372280589432 0.63053085449376578 0.003422866955188441033 307.3110366131736555 0.01585393888066086512 -0.02494170043816427984 0.9995631866976800728 0.7483419272228364338
0.6233769553757513293 -0.7813309280165831039 -0.03038342362545410832 492.3390970798018316 0.7816940092852369126 0.6236621380749024501 0.0001156694146388668407 309.0003447023584613 0.0188586148492032972 -0.02382264587712067463 0.9995383105161015358 0.7685139966142582324
0.6166342040371639577 -0.7866233225303748133 -0.0314007462129007528 493.7089699755137531 0.7869416183364080775 0.6170182572083566797 -0.003370400812537187232 310.7058105795247798 0.02202606958874300108 -0.02263224961942587876 0.9995011923632887152 0.7909871791347033998
0.6101678891241949509 -0.7915810428209877347 -0.03308473557642137991 495.0680084439704274 0.7918858063655319635 0.6106423116805894669 -0.005730345731012214706 312.4196397154243527 0.02473897246320643992 -0.02270285955168128283 0.9994361227260306624 0.8228947630630996102
0.6049602842504469002 -0.79552222514881199 -0.03416787634462087331 496.4163148797390477 0.7958826968992995798 0.6054331654199002211 -0.00462763286545513422 314.1456222533019513 0.02436775032529818474 -0.02439408747878619305 0.9994053938418390182 0.8665441608672073137
0.5986286539054197497 -0.8004396525893897607 -0.03066100595157358541 497.7481989147003674 0.8006907933894001905 0.5990474811146020429 -0.006030651018229207794 315.8816341268927204 0.02319457058964921256 -0.02093986468026667186 0.9995116477372006925 0.9100829002203763007
0.5925310773051311042 -0.805028940645311053 -0.02890202676472413204 499.0716864441128564 0.8051656072011069698 0.5929735691953523791 -0.009523193592341990671 317.6269206701315397 0.02480458441686135204 -0.01762812977070603651 0.9995368835779367966 0.9495077253208910051
0.5860755123646828046 -0.8098616285503106305 -0.02529103414874944375 500.382214000168517 0.8099264749057523138 0.5864420955082259024 -0.01023591044620139438 319.3862368953627424 0.02312139816741852136 -0.01448486167554115071 0.9996277255703865938 0.996799522120919379
0.5798795990829370695 -0.8143176406718369842 -0.02502859680575882442 501.6827494929704017 0.8144168720577731335 0.5802158839907416432 -0.008642133560364247818 321.1538001505146553 0.02155943123194792657 -0.01537231457833605416 0.9996493799675262304 1.030532861910819387
0.5738521414843178459 -0.8184579429391992678 -0.02864114790990176726 502.9691943228605169 0.8186098771845711219 0.5742776264913951323 -0.009114641368206079924 322.9313775455374298 0.02390792106653784679 -0.01821547010494321134 0.9995482019188129952 1.062702314340584708
0.567825581207351604 -0.8225433515688647113 -0.03156808699292023429 504.2379895385681721 0.822698612637853155 0.5683657984427168408 -0.01128325858628017458 324.7205229889785869 0.02722319030321731712 -0.01956409850803915093 0.9994379140093108127 1.092418536426430942
0.5624967230723767475 -0.826111230340949243 -0.03372938833422757521 505.4956723963176728 0.8263210453275636747 0.563090889896842195 -0.01105349555320807829 326.5171767250089943 0.02812412810382531464 -0.02165374839942362656 0.9993698757710550717 1.147837718671385954
0.5559442539855049548 -0.8305827883397176592 -0.03253026551260036064 506.7417401001578696 0.83074072331624782 0.5565265380482504742 -0.0121681170288132634 328.3264043259515574 0.02821058461815359464 -0.0202594215576152939 0.9993966773777331891 1.193780385456263637
0.5492176724868302884 -0.8351060840258230922 -0.03094796683473410859 507.9758493770389691 0.8352255657876449524 0.5497631506039328819 -0.01259890839501627037 330.1434376380963158 0.0275354768046115507 -0.01892898996493243974 0.9994415895168912156 1.241869721831017959
0.5415314250438485466 -0.8402184813386104345 -0.02786789025057245794 509.1959393420905258 0.8402455638845941488 0.5420199742614966176 -0.01420351624870273485 331.9708919282498982 0.02703901000849078667 -0.01572422076307277913 0.9995107007026762247 1.294336052920632696
0.5345760186360295485 -0.8446947905341033458 -0.02681773934914157345 510.4001993262509131 0.8447013930315649954 0.5350410116812873706 -0.01451455922850867358 333.8084694895380835 0.02660896295958974783 -0.0148938465015443014 0.9995349600822392988 1.354176954158216262
0.5275447730694609039 -0.8490306920268432256 -0.02904128791067749071 511.5920579920912132 0.8490490079174046745 0.5280865156948747474 -0.01550529250668106034 335.6579576126845836 0.02850078177106741065 -0.0164777406723917684 0.9994579478401136585 1.412919303177313513
0.5210958559584120131 -0.8529122592873407127 -0.03161940638807302778 512.7642836922766492 0.8529843233535840952 0.5217099584027463655 -0.01537736701886927536 337.5200431161162555 0.0296117040373955441 -0.01895777573368812724 0.9993816837040955248 1.464193960754955226
0.5135948385921812465 -0.8574127740364104744 -0.03261405664216862621 513.9247340984341008 0.857472882874891762 0.5142617510659512892 -0.01658633548448027947 339.3917790301468358 0.0309934977970125411 -0.01944701287521792901 0.9993303841996087344 1.514815376091721122
0.5059612822999381976 -0.8619583760015269158 -0.03210823654784861203 515.0674038915173014 0.8619542149983879797 0.5066482274929281493 -0.01850688587490731743 341.2727811780355296 0.03221974642847186265 -0.01831206211993668606 0.999313042204994173 1.570490709977852006
0.4990669658258293229 -0.8660404600965581068 -0.03010124743498840058 516.1845910863595464 0.866033472759227263 0.4996754084871035673 -0.01762130000422180293 343.1395637311775317 0.03030161187120494065 -0.01727447912349414083 0.9993915172188619911 1.641319441695831216
0.4912820624105640466 -0.8705608826346539209 -0.02767100973934314215 517.3116739566929709 0.8704971337905338391 0.4918302402167203935 -0.01837810846709945004 345.0584690278427615 0.02960870169541385266 -0.01505869963626648225 0.9994481278931771628 1.7093601604293851
0.4826400895046555339 -0.8753729002115585578 -0.0279433279718629482 518.4111773111857246 0.875275563241351362 0.4832187234562496103 -0.01980791997782350641 346.9698389680916648 0.03084205562982875876 -0.01489801585841235392 0.9994132362181367135 1.762940109700847913
0.4742749423071691561 -0.8798315640633723733 -0.0309789925164054257 519.49264646448853 0.8797312351902092376 0.4749809690756615632 -0.0215877939274586178 348.8921698579310373 0.03370805438230360662 -0.01701463763192109097 0.9992868803181667037 1.81683407555166121
0.4668508559040968064 -0.8836562772518765652 -0.03466788160483312564 520.5524311859248883 0.8835853885991371559 0.4677109206811069786 -0.02287696941779823745 350.8264351704746105 0.03642992445399673845 -0.01995190088652441102 0.999137018759334361 1.869833058706345197
0.4601506763245681864 -0.8870697661417624724 -0.03699439248374682826 521.5975997174081158 0.8870735552872687224 0.461085659393766667 -0.02237235373000573749 352.771278841153844 0.0369034224435571892 -0.02252209356641529311 0.9990650092528203796 1.937688831817093282
0.4540517002289161663 -0.8900879953794238464 -0.03975442114619705258 522.6283507860381405 0.8901132906783136844 0.4551229140947282703 -0.023695206767327677 354.727705685462638 0.03918396709183793319 -0.02462708970547215076 0.9989284875182929957 2.013811191108595189
0.4473989866695707862 -0.8934440596629115161 -0.03989810747513410777 523.6423828612446414 0.8934026145942235431 0.4485238489857572564 -0.02565394954402052535 356.685449693787973 0.04081562155899175898 -0.02416752250557905463 0.9988743744298856919 2.088534960198757062
0.4399896730109711385 -0.8973439023377818291 -0.03439489178497599081 524.6452030095397276 0.8972041900806448922 0.4408907990670843935 -0.02529712631351496016 358.6567691033059191 0.03786461336700526481 -0.01972876669205012728 0.9990881076358469892 2.169557416229325408
0.4324727634133364029 -0.9012085471720822083 -0.02811518112368696989 525.6341395598832378 0.9009381114925111289 0.433158854808401439 -0.02615197433048216044 360.6347696090724639 0.03574672245032244067 -0.01402002157842616517 0.9992625334860704145 2.238676596618645931
0.4240048833003087214 -0.905297064174586108 -0.0256336601827949484 526.6115328906114428 0.9048749461106753156 0.4246458310192974261 -0.02961840811274207147 362.6301505924231492 0.03769868484037938033 -0.01063690720114181948 0.9992325381844308074 2.303288112457621217
0.4161258926355273502 -0.908924743204387986 -0.02636385156086102147 527.5704269387497334 0.9084480128211299688 0.4168179625672141508 -0.03138461538169157877 364.6324615589813902 0.03951518036939506012 -0.01089023747004632357 0.9991596235077857546 2.372614700347866368
0.4089810746692776888 -0.9121025405311657952 -0.02834494873792980235 528.5124261850752418 0.9116607926441501197 0.4097539907677170135 -0.03124525892627058599 366.6484821487759973 0.04011333590967858936 -0.01306225885989289841 0.9991097525675917135 2.441982955088347396
0.4021371266121954724 -0.9151084970917875427 -0.02936273063761150534 529.4344767885296505 0.914721238459812791 0.4029417644324173597 -0.03038075684766014875 368.6690358786534603 0.03963315923104628741 -0.01464148307037605248 0.9991070211257983003 2.515401275725942298
0.395416261959293136 -0.918094667901528938 -0.02735252362984599492 530.3433114913287909 0.9176698348919932746 0.3961501686023517488 -0.03077528303087292971 370.702830630557969 0.03909033010146813897 -0.01293153846647307655 0.9991520011517008859 2.599950472329555673
0.3882292520856748252 -0.9211903304166481066 -0.02619967503356098598 531.2540626425131904 0.920662711413544832 0.3889495107521839801 -0.03314287100262312824 372.7757634433539238 0.04072124307603249699 -0.01125403183323163935 0.999107164987740104 2.668186058931981464
0.3814914712053261159 -0.9239809627581677676 -0.02689680014584043891 532.1146133308799335 0.9234307701844484129 0.382254509996949432 -0.03401620589584723742 374.7859053007906027 0.0417117498332591069 -0.01186044044214056362 0.9990592874691501812 2.747895836599601793
0.3741910600431497258 -0.9270104511568640904 -0.0251530123391114982 532.9903292466773337 0.9264349222190785271 0.3748893520842173643 -0.03429735539084603768 376.8738057203929657 0.04122360339313131672 -0.01046886525958295663 0.9990950992690648125 2.819868804074946667
0.3664531144655174266 -0.930116895595926807 -0.02438596779950238588 533.8265537717356892 0.9295072390125294071 0.3671324472009437345 -0.03507219462125314019 378.9048123952397873 0.04157412081845085483 -0.009814618649864921204 0.9990872162824077085 2.899765331702105264
0.3585250062483552602 -0.9332093794964207989 -0.0240847236754362197 534.6758558894913449 0.9325319232091274779 0.3592130670157559491 -0.03674485924616076316 381.0144707006627982 0.04294219475647343548 -0.009285822798190216179 0.9990344045149084362 2.9880434668021989
0.3513173047057900344 -0.9359707069375124977 -0.02312978964782055891 535.4782707887403603 0.9352779083081643741 0.3519722096421570301 -0.03702428757346415411 383.0649724296384306 0.04279469178489468673 -0.008625508362459932341 0.9990466530450542448 3.073537931021067759
0.3429386609237597972 -0.9391398162367614599 -0.02023562212041888839 536.2779700955646831 0.9383398659208356252 0.3434901399008080114 -0.03915124282307975989 385.1572034634697843 0.04371922766343052519 -0.005561416160050615572 0.9990283778666189107 3.154469288486372314
0.3341594792125385238 -0.9423510207597116661 -0.01766341205811207751 537.063228972773004 0.9415002699693860722 0.3346105979522853158 -0.04016203911142294386 387.254993905816491 0.0437571034230833586 -0.003209581147706326749 0.9990370436019266887 3.24430579934346941
