9.999999962582231117e-01 8.137513283089255393e-10 -7.656115743121981746e-10 -2.139041626117443862e-10 8.137513283089255393e-10 1.000000061056633971e+00 6.754229731482267424e-11 4.506439374440951440e-09 -7.656115743121981746e-10 6.754229731482267424e-11 1.000000080766252131e+00 2.697696344089450804e-08
9.999999041234176600e-01 -2.839198493260955002e-04 -3.219614353025585960e-04 9.186363346008263181e-03 2.841477953558836406e-04 9.999997735044959812e-01 7.031108164548831481e-04 -2.392879865576598430e-02 3.217601838410971671e-04 -7.032021007425159941e-04 9.999997817545231982e-01 1.346683554542514871e+00
9.999974386602807908e-01 -1.367506905821688160e-03 1.801418773580591454e-03 -1.073027988539857792e-02 1.365678558614547575e-03 9.999986116882344511e-01 1.016690320216507605e-03 -4.594432413887225564e-02 -1.802808025563035340e-03 -1.014227426263758806e-03 9.999979413782775772e-01 2.744932493429517173e+00
9.999963681246865077e-01 -2.156653273451470797e-03 1.614030693766038563e-03 -1.577369775165304508e-02 2.155518278157320892e-03 9.999974889742803130e-01 7.056221849276249044e-04 -7.879498238488281958e-02 -1.615549856293418312e-03 -7.021404167403446760e-04 9.999985292649978819e-01 4.082210363114150198e+00
9.999953755973812752e-01 -2.589839773436748271e-03 1.591861879130898908e-03 -1.173601676332690705e-02 2.588893754748750140e-03 9.999965316153315298e-01 5.970791989292567820e-04 -1.043594936718072463e-01 -1.593404131637205347e-03 -5.929551429656115076e-04 9.999986355001302396e-01 5.384562911371833849e+00
9.999953951276490116e-01 -2.638518410999317765e-03 1.496814815485760040e-03 -1.430753727590190760e-02 2.637225312756516418e-03 9.999962083329824170e-01 8.663022274374489748e-04 -1.193299623972722823e-01 -1.499096334651389825e-03 -8.623506676486662878e-04 9.999985852969957012e-01 6.718493584680377495e+00
9.999924984550178086e-01 -3.505861219173137845e-03 1.644530343205750445e-03 -1.265309655860734003e-02 3.503190026935151368e-03 9.999926039762790930e-01 1.625352520605485851e-03 -1.465893859103755692e-01 -1.650217872129826303e-03 -1.619579095288059892e-03 9.999974076361748399e-01 8.063381987820807950e+00
9.999913580188802831e-01 -3.910023801936748228e-03 1.410003725266106020e-03 -9.111357417299657119e-03 3.906969523990435830e-03 9.999900882600528673e-01 2.163582631358085869e-03 -1.763006272859684587e-01 -1.418450855362399753e-03 -2.158054963286476589e-03 9.999967461597465412e-01 9.391210942000583373e+00
9.999920748367450152e-01 -3.712954559620019676e-03 1.434134377964792380e-03 -2.113735238690786500e-02 3.710931573206002840e-03 9.999921789011193551e-01 1.411822259116780843e-03 -1.980054569220960348e-01 -1.439366637579007468e-03 -1.406488964158928269e-03 9.999980557715052454e-01 1.072506189920589748e+01
9.999981833817496168e-01 -1.426676401205196005e-03 1.261086875075203726e-03 -3.131835297256321121e-02 1.427436929365412995e-03 9.999988616158291821e-01 -6.010875545284724434e-04 -2.260735588580997379e-01 -1.260229335733496856e-03 6.028867219655533816e-04 9.999991049416000477e-01 1.205380444179679600e+01
9.999972816370867879e-01 1.911444740173551130e-03 1.332522174675844148e-03 -4.182537343808163943e-02 -1.908855503017881138e-03 9.999963564866131138e-01 -1.940462290918956896e-03 -2.521040647131525536e-01 -1.336227854238360765e-03 1.937913563536826454e-03 9.999973102567483174e-01 1.339665055528919524e+01
9.999865549749142879e-01 4.962638759712971470e-03 1.501535865172822729e-03 -5.188588453933851152e-02 -4.959239533851481953e-03 9.999852144678701427e-01 -2.258072691230368374e-03 -2.644211517699611713e-01 -1.512721100577804406e-03 2.250595993836467315e-03 9.999964040072230054e-01 1.473724528301106496e+01
9.999813319780318510e-01 5.870104744825658735e-03 1.694134471780488942e-03 -6.607547231216873151e-02 -5.867525473770494361e-03 9.999816879666706404e-01 -1.522490545354334866e-03 -2.910539837455211609e-01 -1.703042054098254619e-03 1.512521881160851060e-03 9.999974867270164935e-01 1.609282071996082308e+01
9.999898689601444124e-01 4.070106958901208855e-03 1.920606136646436186e-03 -5.442945726723254912e-02 -4.071281176946247096e-03 9.999915880857931372e-01 6.087141336855954711e-04 -3.121550981868009278e-01 -1.918113863917936474e-03 -6.165271662909098220e-04 9.999980511323541821e-01 1.745682889627857293e+01
9.999977733006453207e-01 -3.939213745586601142e-04 2.071408387494162468e-03 -5.704104400925674029e-02 3.884237805263253667e-04 9.999964622853394491e-01 2.654554230369235348e-03 -3.393064876425250787e-01 -2.072448151907354055e-03 -2.653743611428774005e-03 9.999944120535551040e-01 1.879937068600163386e+01
9.999933135938218198e-01 -3.282296453058455854e-03 1.609909065148221749e-03 -6.124503129832602200e-02 3.279748165848308042e-03 9.999934281707059114e-01 1.583977757366690931e-03 -3.946288730919171872e-01 -1.615099003342195926e-03 -1.578686939568868389e-03 9.999975303655811443e-01 2.015587981010851948e+01
9.999910934243697591e-01 -3.883145782059588703e-03 1.651290275301628202e-03 -6.168782485951819494e-02 3.884540344578605361e-03 9.999921624147940502e-01 -8.411740702903868806e-04 -4.099038762400561420e-01 -1.648012361271302718e-03 8.475812218922449499e-04 9.999983635967772955e-01 2.150664624087045951e+01
9.999970085439038314e-01 -1.191534633378695798e-03 2.134399254281828598e-03 -6.997757032841050995e-02 1.196115435507578116e-03 9.999970442821739525e-01 -2.145425298380083078e-03 -4.690621606562829227e-01 -2.131837996279451006e-03 2.147972010626858930e-03 9.999955014991729341e-01 2.286807430589740164e+01
9.999947856511637312e-01 1.159662166325319509e-03 3.012701232786918221e-03 -7.605568022637305969e-02 -1.155727400463540640e-03 9.999985391664110157e-01 -1.306931665568039592e-03 -4.537734646045925579e-01 -3.014213777133055352e-03 1.303443126026939802e-03 9.999946885298029997e-01 2.423474522080140403e+01
9.999901804517562498e-01 2.504789504616754953e-03 3.654797677641455095e-03 -8.478290951834341338e-02 -2.514529139376902537e-03 9.999933533428884136e-01 2.663179027333734128e-03 -4.714660134883310039e-01 -3.648103993389307208e-03 -2.672342851179953203e-03 9.999898556772590652e-01 2.561363987754065263e+01
9.999920770873045317e-01 -7.251707447158023965e-04 3.913106261166743143e-03 -7.194739521453429043e-02 7.089744165215668224e-04 9.999912431613813268e-01 4.139211412445685523e-03 -4.659274301533071205e-01 -3.916074925169739721e-03 -4.136404208632847752e-03 9.999838578965886127e-01 2.697622187860755716e+01
9.999842449193936389e-01 -4.223853542955463211e-03 3.696143998647631428e-03 -7.269711761130047412e-02 4.210477539569247585e-03 9.999846458593414367e-01 3.619674592454602113e-03 -5.366766224225560933e-01 -3.711377530129604790e-03 -3.604054911089534744e-03 9.999866989122081495e-01 2.835859102788271002e+01
9.999758342134384970e-01 -5.778339847103775538e-03 3.864489914154034620e-03 -7.206714920185577911e-02 5.774351848913518090e-03 9.999828456872120741e-01 1.042742869494220478e-03 -5.508340964096049008e-01 -3.870450239480651561e-03 -1.020402613772539201e-03 9.999920699337914165e-01 2.971713639365988513e+01
9.999799283401282768e-01 -4.638193805381455627e-03 4.315388783261864085e-03 -8.139941956533448819e-02 4.642377049690727710e-03 9.999888248551058734e-01 -9.594892176273570007e-04 -5.979927188643292535e-01 -4.310891528102647405e-03 9.795037597253614548e-04 9.999903091151760570e-01 3.110385562923883640e+01
9.999864594020151376e-01 -2.157243882582187983e-03 4.734957162739736325e-03 -8.526251978915694307e-02 2.168146465166907299e-03 9.999950695153201341e-01 -2.298304212317113689e-03 -6.070633925048254387e-01 -4.729977054784428522e-03 2.308539314062785838e-03 9.999862296558630348e-01 3.248606354259196394e+01
9.999852331676175599e-01 -5.395724999818198248e-04 5.406923154719582743e-03 -9.035705334248012033e-02 5.614192569399479010e-04 9.999917446015968991e-01 -4.039511234884442595e-03 -6.370836585161083754e-01 -5.404700107113300997e-03 4.042487281102587378e-03 9.999773042683721691e-01 3.387128078489465111e+01
9.999834710232734514e-01 4.759700459198795914e-04 5.729192264080620357e-03 -9.303501903083481739e-02 -4.524242841951603964e-04 9.999915122246434418e-01 -4.110097715961725726e-03 -6.613930799497499402e-01 -5.731101097340251041e-03 4.107437899966500001e-03 9.999752221794320217e-01 3.525729748686668330e+01
9.999861779151227870e-01 2.229276588043411470e-04 5.252313115650521051e-03 -7.907861361234061470e-02 -2.073687590409272635e-04 9.999956518077093293e-01 -2.962343088724111485e-03 -6.999912066363687124e-01 -5.252951873867966331e-03 2.961213119031612991e-03 9.999818994621344492e-01 3.664740232607753256e+01
9.999880496203291669e-01 7.307607122330978065e-04 4.833127099052880044e-03 -8.417872147558552731e-02 -7.239600429029911105e-04 9.999988072599169664e-01 -1.408358088826165136e-03 -7.328575480087279326e-01 -4.834151742101600729e-03 1.404842403357289739e-03 9.999874093871553571e-01 3.805531683494965733e+01
9.999850656601343424e-01 2.657034261833167519e-03 4.775054080668202083e-03 -9.556938057014723042e-02 -2.654405286890247542e-03 9.999963832807451380e-01 -5.564767969977623590e-04 -7.611875446882755414e-01 -4.776516627855413241e-03 5.437936887844053687e-04 9.999885252918095935e-01 3.944654370245498853e+01
9.999709809162232732e-01 5.725500438779024953e-03 5.024787806851996851e-03 -9.645794841200838743e-02 -5.721569268432504657e-03 9.999833758807475936e-01 -7.960584063832166699e-04 -7.905025713650590813e-01 -5.029263330818617254e-03 7.672857634790800161e-04 9.999871395778380245e-01 4.083871025841978764e+01
9.999513047942935051e-01 8.335200525193476456e-03 5.282518450843420692e-03 -1.130655954624478210e-01 -8.331038050599273714e-03 9.999650299528557440e-01 -8.091795182847418780e-04 -8.045140937864692088e-01 -5.289079602651641614e-03 7.651313801633724109e-04 9.999858007738201549e-01 4.223307928039841386e+01
9.999399294671689198e-01 9.612290091908681083e-03 5.266295542974384902e-03 -1.111644944860835094e-01 -9.607941401107067750e-03 9.999535423381269439e-01 -8.501288167888456683e-04 -8.330715922703590959e-01 -5.274223777137566731e-03 7.994796165408181486e-04 9.999858523670301924e-01 4.364447294403120736e+01
9.999525117667213969e-01 8.580902365777961366e-03 4.618966976727068539e-03 -1.080722246853293433e-01 -8.577330066058427155e-03 9.999629611954131692e-01 -7.923008763378790132e-04 -8.656820938732834314e-01 -4.625595800898035966e-03 7.526449746092821799e-04 9.999890994040381287e-01 4.507398156220332197e+01
9.999655276422275696e-01 7.405159404762897378e-03 3.754952581392373683e-03 -1.071811540021628262e-01 -7.400868612952044706e-03 9.999720073550950605e-01 -1.154879877056572916e-03 -9.020672553071050759e-01 -3.763400840914175177e-03 1.127050285488917980e-03 9.999923640253266521e-01 4.648701633166293590e+01
9.999680880169327102e-01 7.256728352618939740e-03 3.339965400486037857e-03 -1.126417923307110741e-01 -7.253801150065644632e-03 9.999733583063457054e-01 -8.872115567696896516e-04 -9.318761211436450420e-01 -3.346315998076960802e-03 8.629559292587621637e-04 9.999941094891963145e-01 4.789282858351671024e+01
9.999689806714585627e-01 7.431581270172973874e-03 2.608030562047868213e-03 -1.154991131573633312e-01 -7.431497335236881240e-03 9.999724462421424320e-01 -4.124868758383953740e-05 -9.623911589895762786e-01 -2.608266616408403196e-03 2.186596325730441387e-05 9.999966789960206270e-01 4.928455298367521920e+01
9.999702619245453006e-01 7.586149623189244497e-03 1.384966070093226640e-03 -1.222617783555085824e-01 -7.586343829146482975e-03 9.999712750543788831e-01 1.362007411630035327e-04 -9.899357755532980363e-01 -1.383894495152500261e-03 -1.467033920150499597e-04 9.999991124239008267e-01 5.071525899292553419e+01
9.999659420952333733e-01 8.242291845736281902e-03 4.144977256972709923e-04 -1.391742312154943817e-01 -8.242439894057118979e-03 9.999660265112333413e-01 3.606985431859313553e-04 -1.014485327120180358e+00 -4.115121680266822487e-04 -3.641026040649481725e-04 9.999999298100498146e-01 5.214576985116453045e+01
9.999625214424289199e-01 8.650421008929839659e-03 -3.441842208718807724e-04 -1.497077024993255512e-01 -8.650049688354819258e-03 9.999620852728854370e-01 1.061485570646049327e-03 -1.043326346791747072e+00 3.533519140879346431e-04 -1.058468452299376680e-03 9.999994581592301923e-01 5.358088691028977024e+01
9.999698096888375298e-01 7.627205454234283616e-03 -1.482559581222614139e-03 -1.556890236641137459e-01 -7.624104502426231299e-03 9.999688233546516480e-01 2.085053173955657077e-03 -1.068308139854142746e+00 1.498414864040897637e-03 -2.073686913670380605e-03 9.999968080474739285e-01 5.502362284373167256e+01
9.999865408425583357e-01 4.872617448286810544e-03 -1.779961191673367325e-03 -1.598079612789040649e-01 -4.868402700716329551e-03 9.999854167631208046e-01 2.363687900430415725e-03 -1.095179748563388289e+00 1.791450938148861968e-03 -2.354990395311382101e-03 9.999957031171867738e-01 5.642109595723380266e+01
9.999934829598595698e-01 2.820154315870771877e-03 -2.252397139038588101e-03 -1.769660982035734798e-01 -2.815453337141148645e-03 9.999939202143380834e-01 2.086831430392285976e-03 -1.125425887037561301e+00 2.258266960631694509e-03 -2.080476184408704392e-03 9.999953666779803907e-01 5.785310836373584920e+01
9.999949552881127746e-01 1.986435960561628439e-03 -2.477094012325454890e-03 -1.839355480648399987e-01 -1.981491828916437815e-03 9.999961055960950862e-01 1.996144514266845731e-03 -1.151806015130790062e+00 2.481047894312339575e-03 -1.991225974616624931e-03 9.999950204617524818e-01 5.929050441157903606e+01
9.999972885529789801e-01 1.000618705135195886e-03 -2.100992771686757341e-03 -1.968463321381116182e-01 -9.950984151046882858e-04 9.999961177416041291e-01 2.626098426710674061e-03 -1.182239831811982889e+00 2.103610676438500814e-03 -2.624000485395410528e-03 9.999944254704579150e-01 6.071314024880411608e+01
9.999979989478857689e-01 -1.311878832812063715e-03 -1.507843186860571101e-03 -2.146974190144083361e-01 1.316908756830557957e-03 9.999936207152616552e-01 3.338621882426062726e-03 -1.201743102709154520e+00 1.503452074879453723e-03 -3.340600768754640234e-03 9.999933707518768866e-01 6.213806859723272424e+01
9.999945644498281494e-01 -3.061594572584607279e-03 -1.220747123002259744e-03 -2.175306846067724398e-01 3.065757793128939812e-03 9.999895069210419374e-01 3.421884757619596869e-03 -1.230693011068332732e+00 1.210256282115641227e-03 -3.425608547204682733e-03 9.999934809865742569e-01 6.354795302211942953e+01
9.999918208259801489e-01 -3.974431292666377735e-03 -7.447746167821511993e-04 -2.176932304751407754e-01 3.976370809681693992e-03 9.999887261158166840e-01 2.618823331494170379e-03 -1.255153985014675344e+00 7.343563089643642119e-04 -2.621763282814396079e-03 9.999963742979012249e-01 6.496575382823580469e+01
9.999939351024776935e-01 -3.478445733646820092e-03 -1.506165381109407985e-04 -2.145673508428574128e-01 3.478780193342904080e-03 9.999914358573195328e-01 2.269012764990868333e-03 -1.291181170637752063e+00 1.427210688948928605e-04 -2.269522836119471781e-03 9.999974952112002935e-01 6.638318524762870254e+01
9.999963202920443273e-01 -2.697997593067117707e-03 2.696729110153424174e-04 -2.283348141064606707e-01 2.697442251560683291e-03 9.999943323420459329e-01 2.044799898669308596e-03 -1.315616728263411028e+00 -2.751897637042449826e-04 -2.044064818021266560e-03 9.999979537989976963e-01 6.781800521093308021e+01
9.999992567762356899e-01 6.153127542926135245e-04 1.048977192334599184e-03 -2.396589735308256031e-01 -6.181191073173737194e-04 9.999962824207998535e-01 2.678653784167967129e-03 -1.348436893505986722e+00 -1.047326552336382477e-03 -2.679300062439175702e-03 9.999959429876659200e-01 6.923299159012317716e+01
9.999882111351230396e-01 4.611020112371394704e-03 1.519410246699407982e-03 -2.524904605774486166e-01 -4.617254198792037842e-03 9.999808877347000635e-01 4.126406945862218408e-03 -1.372080500689034865e+00 -1.500355705184020210e-03 -4.133373688684246865e-03 9.999904127982629509e-01 7.064298525408266016e+01
9.999705028956091812e-01 7.416143771468065686e-03 1.996667129201489064e-03 -2.643621545984648491e-01 -7.426013916576777556e-03 9.999600724652575323e-01 4.982960106165591763e-03 -1.403723706920658509e+00 -1.959634474759857324e-03 -4.997640292051058926e-03 9.999856723764956046e-01 7.204204876815977343e+01
9.999363575595764386e-01 1.100640853815045006e-02 2.476356298383334403e-03 -2.635935917389822802e-01 -1.101838133898413313e-02 9.999274733904629509e-01 4.874968750284118177e-03 -1.422840375639943034e+00 -2.422522186965857163e-03 -4.901943827063905829e-03 9.999851318232576558e-01 7.344462814484084845e+01
9.998746990469212781e-01 1.533104531997783737e-02 3.941802523750433107e-03 -2.934028028059548210e-01 -1.534686101258501446e-02 9.998742328572675087e-01 4.014274422756480831e-03 -1.446200779112978285e+00 -3.879765049989501984e-03 -4.074265620881197675e-03 9.999842545356076862e-01 7.485956227964695131e+01
9.998258364722614200e-01 1.802934319511880629e-02 4.819965553685815786e-03 -3.136625905068602393e-01 -1.804730628197149037e-02 9.998303119604068367e-01 3.709997950726985454e-03 -1.461809329738363195e+00 -4.752260082100230598e-03 -3.796339095815708369e-03 9.999815825157446492e-01 7.625078973782413527e+01
9.998277354988839294e-01 1.786830941318568941e-02 5.021494454265326354e-03 -3.173054511927426713e-01 -1.788849921960183886e-02 9.998320266320519512e-01 4.005269143038738509e-03 -1.485742683203285175e+00 -4.949084822039971979e-03 -4.094406074930347604e-03 9.999794517566281682e-01 7.762822147594819455e+01
9.998467364211011121e-01 1.663873174659372817e-02 5.445073882006443503e-03 -3.415071442016335834e-01 -1.666169771921086756e-02 9.998524231129777284e-01 4.200225400192669073e-03 -1.522626725656142321e+00 -5.374385098806845271e-03 -4.290305731788974369e-03 9.999764351218143332e-01 7.902884317806898196e+01
9.998706096484948347e-01 1.521579343329985436e-02 5.218825717888102983e-03 -3.401609360598324971e-01 -1.523365012356307606e-02 9.998782436435399434e-01 3.399392068187609417e-03 -1.549993047592069351e+00 -5.166467064697109757e-03 -3.478453878489308915e-03 9.999806845705426772e-01 8.041491157911823962e+01
9.998727989030559149e-01 1.527379112112284450e-02 4.592370818671346125e-03 -3.138529819315239444e-01 -1.528848236223487485e-02 9.998781237720026915e-01 3.181506434023986200e-03 -1.575187327524037562e+00 -4.543218710513257513e-03 -3.251312015658961666e-03 9.999844747149952973e-01 8.181557516761267834e+01
9.998754377307685903e-01 1.524708915261892631e-02 4.077725661200283687e-03 -3.201498345616999308e-01 -1.526046922174864422e-02 9.998782631902447537e-01 3.270925384118291476e-03 -1.595887123236679805e+00 -4.027358449907236446e-03 -3.332745849523001663e-03 9.999864172705937859e-01 8.318916033460135395e+01
9.998846602245331505e-01 1.472301770913316162e-02 3.727136586306900850e-03 -3.244656916080173037e-01 -1.473485463177255997e-02 9.998864752418991086e-01 3.169031907951770730e-03 -1.630329325230831294e+00 -3.680057061178251734e-03 -3.223585099567636419e-03 9.999881135371122554e-01 8.457044045325238812e+01
9.998845944368647265e-01 1.485674672269506752e-02 3.172922244358579707e-03 -3.349718617619139582e-01 -1.486699214526947602e-02 9.998843217865064359e-01 3.230737618893160697e-03 -1.653912821741192030e+00 -3.124558299873697858e-03 -3.277536474988175692e-03 9.999898281612259465e-01 8.594762882104441815e+01
9.998942543127353755e-01 1.437947508733171224e-02 2.168741321090872278e-03 -3.311951142364824574e-01 -1.438759234858781079e-02 9.998894257812032116e-01 3.775642285175117522e-03 -1.679251479498111710e+00 -2.114211166152850114e-03 -3.806445885220121911e-03 9.999906012635576547e-01 8.732274784757129282e+01
9.999188345609307804e-01 1.271745407353173929e-02 7.636744734504606873e-04 -3.248585475101352094e-01 -1.272086676254473477e-02 9.999083531999437557e-01 4.646163257367928213e-03 -1.704920267009119916e+00 -7.045186100696758814e-04 -4.655500643366001882e-03 9.999889956893450726e-01 8.867488471036128317e+01
9.999466000400050181e-01 1.032101360865054704e-02 -5.160305045997826438e-04 -3.374373749766377828e-01 -1.031796849630666792e-02 9.999312126830256497e-01 5.588516744464845643e-03 -1.733512432183623053e+00 5.736725941808798511e-04 -5.582893824650787991e-03 9.999843317405170406e-01 9.004645854564525109e+01
9.999602109915162185e-01 8.832624574238038054e-03 -1.246480985575748081e-03 -3.506099812561030982e-01 -8.825344118463253687e-03 9.999447057701547070e-01 5.728943950659341408e-03 -1.761342128828220499e+00 1.297012057872964398e-03 -5.717715270046689821e-03 9.999828933640646511e-01 9.141169401856738830e+01
9.999755493413235996e-01 6.796929959946352608e-03 -1.641644260841702884e-03 -3.606819141986480348e-01 -6.788100166480250629e-03 9.999628453075224410e-01 5.324640944299851263e-03 -1.776914571665018538e+00 1.677772839200256279e-03 -5.313366996280146845e-03 9.999845572496999235e-01 9.278717011112043167e+01
9.999797967169392621e-01 6.210966425617433714e-03 -1.350031585918180744e-03 -3.697845807254143136e-01 -6.204184664206105655e-03 9.999684657486874739e-01 4.969678335056584850e-03 -1.807299426625289307e+00 1.380853899003880265e-03 -4.961201973090573550e-03 9.999868205364311757e-01 9.415749967958998923e+01
9.999768244605385936e-01 6.515080216764944018e-03 -1.974032607709561189e-03 -3.841765045580871063e-01 -6.506034319058616282e-03 9.999685272222867960e-01 4.553919557863470718e-03 -1.826057028709429986e+00 2.003637972974159961e-03 -4.540970779695575540e-03 9.999877631987903470e-01 9.551258242310045432e+01
9.999797177677043347e-01 6.070393688921588496e-03 -1.925332609524331266e-03 -3.890238451169113487e-01 -6.062877372193201976e-03 9.999741341858666699e-01 3.885174265983500769e-03 -1.847574210009031104e+00 1.948865692820293902e-03 -3.873422292937240066e-03 9.999906799818818470e-01 9.686298323771849539e+01
9.999728309540355520e-01 7.207753163907637366e-03 -1.542135598418693972e-03 -4.111369688319445603e-01 -7.202617820902582589e-03 9.999686469059857474e-01 3.309018045480065836e-03 -1.879167626706638838e+00 1.565936203004807386e-03 -3.297820610775014684e-03 9.999934168544637458e-01 9.821666521802758609e+01
9.999649985100922400e-01 8.241308612664277958e-03 -1.440528965797336367e-03 -4.125844446382764263e-01 -8.236633109039758274e-03 9.999609520495262860e-01 3.220923374282027348e-03 -1.896454569401102352e+00 1.467015715708497791e-03 -3.208945410632310213e-03 9.999938560129657539e-01 9.955614788899480061e+01
9.999594040550469076e-01 8.954448653287925761e-03 -1.000314460999104753e-03 -4.372530649851276152e-01 -8.949994691287347856e-03 9.999504596815270707e-01 4.370111242381131966e-03 -1.923363754696246763e+00 1.039395243031489714e-03 -4.360980911717209085e-03 9.999900314667509171e-01 1.009230210297290000e+02
9.999493318913273976e-01 9.996399360810193785e-03 -1.182451277633821910e-03 -4.501201218873252530e-01 -9.989444687158809122e-03 9.999336515210478504e-01 5.746794122757914458e-03 -1.955364078383946769e+00 1.239818460673821742e-03 -5.734690804959041016e-03 9.999828687035614561e-01 1.022580159155551200e+02
9.999685823728433620e-01 7.781653511873626305e-03 -1.507538192049794794e-03 -4.483990617168551740e-01 -7.773975334608221148e-03 9.999571784826736254e-01 5.032753362747783253e-03 -1.980930949779527328e+00 1.546635149624826615e-03 -5.020875569263460320e-03 9.999862800343736202e-01 1.036072707667690906e+02
9.999647608563674295e-01 8.325203168542620602e-03 -1.077299356367638185e-03 -4.667494575314494187e-01 -8.322131158670514200e-03 9.999614443206910064e-01 2.823845050628762642e-03 -2.011387630512040392e+00 1.100765302867682833e-03 -2.814779995135306082e-03 9.999955134196895079e-01 1.049285482097962330e+02
9.999635519200328337e-01 8.505008266678654519e-03 -7.431029634387413714e-04 -4.781076585472620599e-01 -8.503949877679493549e-03 9.999629022693207192e-01 1.413865831416187243e-03 -2.021079160379164463e+00 7.550987575714270851e-04 -1.407494864447863571e-03 9.999988051568603487e-01 1.062669925946955090e+02
9.999736242206925807e-01 7.218962936532178840e-03 -7.937064277614663647e-04 -4.949044719947220949e-01 -7.217411836580220862e-03 9.999721371553609295e-01 1.938034527151827769e-03 -2.039778293641111073e+00 8.076733296887665930e-04 -1.932254780831533549e-03 9.999978877908373143e-01 1.075754422201454190e+02
9.999909095271874993e-01 4.241760835714943230e-03 -4.252683653372406791e-04 -4.955134504923139893e-01 -4.239945255183904561e-03 9.999823391765767511e-01 4.179270907341470741e-03 -2.071176486147968010e+00 4.429867604617616266e-04 -4.177429684640387650e-03 9.999912571492135527e-01 1.089120640024887479e+02
9.999983726385162086e-01 1.714412074984634831e-03 5.550046482611603561e-04 -5.106325271621274808e-01 -1.717213627580468482e-03 9.999856310823667105e-01 5.090276775901384290e-03 -2.109326395966278689e+00 -5.462713435929100660e-04 -5.091221439450965142e-03 9.999869712071262073e-01 1.102448708243574202e+02
9.999985035946865608e-01 1.170952450299112295e-03 1.270509889313717680e-03 -5.103509044424097141e-01 -1.176119171440162406e-03 9.999910672362131159e-01 4.074837865083534745e-03 -2.136742392672209334e+00 -1.265728556096850461e-03 -4.076325920608640102e-03 9.999909714750704337e-01 1.115778311956842543e+02
9.999921562000586572e-01 3.234736672133844450e-03 2.283973807414710518e-03 -5.274922702431706911e-01 -3.239245584361753836e-03 9.999928664630460817e-01 1.973934836210063104e-03 -2.155899842072406702e+00 -2.277573749183912141e-03 -1.981317581790352673e-03 9.999955242768236996e-01 1.129079407692056947e+02
9.999752915392563501e-01 5.973599246387724902e-03 3.704719556680528911e-03 -5.417319664816991898e-01 -5.972798084546976707e-03 9.999821980051675219e-01 -2.268413601784840215e-04 -2.177891663617634865e+00 -3.706009969819731593e-03 2.047083416653880719e-04 9.999931925376535080e-01 1.142306888818975636e+02
9.999457456939702116e-01 9.117237013990458355e-03 5.037279907683267499e-03 -5.509324221544957823e-01 -9.114605043885863275e-03 9.999583737174011500e-01 -5.448856062780862725e-04 -2.202627091497758371e+00 -5.042039299195786965e-03 4.989433528982373895e-04 9.999872451353453151e-01 1.155536061763600060e+02
9.999275936588726266e-01 1.030577146165839557e-02 6.212169348514510678e-03 -5.634592475539476064e-01 -1.031157111610660204e-02 9.999464880632429331e-01 9.025524122337483723e-04 -2.227663913972356191e+00 -6.202536578338274653e-03 -9.665441692128949516e-04 9.999803777429741025e-01 1.168723309674931272e+02
9.999312788790594153e-01 9.378189293844726646e-03 7.034174840379223484e-03 -5.607501407202529764e-01 -9.402294686419910771e-03 9.999500716838006786e-01 3.401924039395784558e-03 -2.250510488734394965e+00 -7.001920855359399648e-03 -3.467827530862040240e-03 9.999695539440061065e-01 1.182239769481180218e+02
9.999314745025253970e-01 8.335603457401512956e-03 8.219278669940471155e-03 -5.671934331177302946e-01 -8.369056954544941071e-03 9.999568611178395461e-01 4.044364608008386638e-03 -2.280400112606060237e+00 -8.185212915126215127e-03 -4.112874970578841993e-03 9.999581231669444348e-01 1.195651127671100511e+02
9.999182290962507214e-01 9.020470163490753104e-03 9.064147423878838108e-03 -5.739368717238267914e-01 -9.053570397184329197e-03 9.999525328996022866e-01 3.617582722750259210e-03 -2.304960154572896158e+00 -9.031085861406846355e-03 -3.699349699553382449e-03 9.999524567891692195e-01 1.208883819383414533e+02
9.998842527655134038e-01 1.102387969692193541e-02 1.048559409343157757e-02 -5.597897141461688486e-01 -1.105706999842378559e-02 9.999340847398378029e-01 3.112790801206319000e-03 -2.328556899497550514e+00 -1.045058879783973375e-02 -3.228370346093607703e-03 9.999402603942811885e-01 1.222190132153281752e+02
9.998543964396336969e-01 1.245055067528043867e-02 1.166885806885615239e-02 -5.688588783138138760e-01 -1.248226298228985974e-02 9.999186458281945633e-01 2.648946839696292212e-03 -2.341014580666714640e+00 -1.163492873549253244e-02 -2.794214793104978119e-03 9.999284886107688841e-01 1.235646160652542420e+02
9.998312686218669976e-01 1.315460131567911146e-02 1.282120484057700655e-02 -5.639796907623491062e-01 -1.318184065454400429e-02 9.999110907417573246e-01 2.042491015151201485e-03 -2.364751232795049951e+00 -1.279319751437930398e-02 -2.211153355717690536e-03 9.999157996732094267e-01 1.249065169914858444e+02
9.997903514865089658e-01 1.506441185271084442e-02 1.386755640798133585e-02 -5.533200639033840629e-01 -1.508277146095262505e-02 9.998855647980819938e-01 1.220404722076741952e-03 -2.397786447619818517e+00 -1.384758547968674078e-02 -1.429309943144173355e-03 9.999031768060225867e-01 1.262240636281420336e+02
9.997915014528669930e-01 1.408162630569555207e-02 1.478695273834220933e-02 -5.458412864366208872e-01 -1.409373472934401933e-02 9.999004837410345736e-01 7.150758078849534004e-04 -2.410658956291698907e+00 -1.477541239636336219e-02 -9.233299961564560114e-04 9.998904920974095445e-01 1.275982382347154385e+02
9.997709683094807565e-01 1.455856486240260025e-02 1.568603408610985336e-02 -5.288163082119932135e-01 -1.458396257771427638e-02 9.998925751830631814e-01 1.506056224899463827e-03 -2.443374168560081827e+00 -1.566242357658750167e-02 -1.734475719713428257e-03 9.998759131098197139e-01 1.289065722373943004e+02
9.997873005749766673e-01 1.250330336402822630e-02 1.640163280170095148e-02 -5.180328004574762391e-01 -1.254367719790777484e-02 9.999185983936365041e-01 2.361108213748636629e-03 -2.469493581245751912e+00 -1.637077656451846677e-02 -2.566342692199583345e-03 9.998627771321320079e-01 1.302378008464469019e+02
9.997938052294130795e-01 1.108631076016101946e-02 1.701273874216563745e-02 -5.100082308799809283e-01 -1.113580709757365853e-02 9.999340866375381331e-01 2.817493271817964311e-03 -2.495906890646765852e+00 -1.698038226675953680e-02 -3.006362794757986255e-03 9.998513839238616363e-01 1.315767020622451469e+02
9.998062705153736296e-01 9.884984735779686615e-03 1.702060669374631449e-02 -4.899452738535011176e-01 -9.935341671693834545e-03 9.999465665028212102e-01 2.876667583757739049e-03 -2.516121639033226831e+00 -1.699126190473190107e-02 -3.045215729109505397e-03 9.998510815184754597e-01 1.329247788249673761e+02
9.998208458727951831e-01 9.141656673390303328e-03 1.657404012520011238e-02 -4.763586773149971476e-01 -9.201789045012356838e-03 9.999514023318695211e-01 3.555579627571111515e-03 -2.543055351620538307e+00 -1.654073130196152819e-02 -3.707453350921746400e-03 9.998563999553579107e-01 1.342371408631289285e+02
9.998493296562845911e-01 5.971138402995826780e-03 1.629895757505343476e-02 -4.631737768354346474e-01 -6.030984561229653547e-03 9.999753033273850455e-01 3.625198257762465067e-03 -2.557365929202232380e+00 -1.627690902512362453e-02 -3.722950706068087288e-03 9.998606719963496481e-01 1.355996498436612399e+02
9.998630203463465538e-01 6.468509876506802793e-03 1.523454790419329942e-02 -4.405644540326635883e-01 -6.525779335134387037e-03 9.999718761193789884e-01 3.712583340533123603e-03 -2.595241777340510758e+00 -1.521010517346992920e-02 -3.811491986563251416e-03 9.998771358346930649e-01 1.369655618284836009e+02
9.998916957248510373e-01 3.846851214394500073e-03 1.420531855301532080e-02 -4.381220369675851711e-01 -3.909154372442193159e-03 9.999829116164488108e-01 4.360859329443749106e-03 -2.606364570855076224e+00 -1.418830089869953757e-02 -4.415917708806842319e-03 9.998896705760790260e-01 1.382885991776026344e+02
9.999108407409426080e-01 2.640761865829689779e-03 1.308928803058159902e-02 -4.264232787734675290e-01 -2.704291069683044651e-03 9.999846996232694130e-01 4.838330156313891579e-03 -2.637048333556096580e+00 -1.307631161860567555e-02 -4.873295914932159259e-03 9.999027065662126068e-01 1.396505299717357502e+02
9.999259849727283322e-01 1.812001149694657644e-03 1.203053371943460688e-02 -4.099334541513950381e-01 -1.869864992804670450e-03 9.999867909493996843e-01 4.800379437955446665e-03 -2.657982046105989760e+00 -1.202167731559524062e-02 -4.822519505723862898e-03 9.999161885467328093e-01 1.409829813137469330e+02
9.999379060913944350e-01 1.917759111712951606e-03 1.097718883554487344e-02 -4.046946403416873395e-01 -1.966812409738059961e-03 9.999881820965337287e-01 4.459756388240038692e-03 -2.680625175663178261e+00 -1.096850723493846685e-02 -4.481069427842257133e-03 9.999298842439089396e-01 1.423171137293903712e+02
9.999505866845113111e-01 1.613505586773878939e-03 9.808837921887041469e-03 -4.012467749655204141e-01 -1.651368879319896907e-03 9.999912731108243635e-01 3.853413324217532573e-03 -2.686806292431677345e+00 -9.802535753212123990e-03 -3.869420812586133514e-03 9.999445481695600213e-01 1.436618658592471434e+02
9.999616707297065421e-01 3.789740395755467452e-04 8.746768561972413300e-03 -3.877141468629252130e-01 -3.942888907391800231e-04 9.999984530471616173e-01 1.749443474910954578e-03 -2.719803712176255051e+00 -8.746093036082695782e-03 -1.752825052577165667e-03 9.999602967118770280e-01 1.450080758852261908e+02
9.999646881064363502e-01 -1.947616568802472675e-03 8.174462462407858926e-03 -3.826627168595163608e-01 1.942610857640684812e-03 9.999979817059412301e-01 6.204541705881454899e-04 -2.760207286658127757e+00 -8.175655403114889114e-03 -6.045523339834108683e-04 9.999664767953498901e-01 1.463514780267819049e+02
9.999378382032585444e-01 -8.476260226124000818e-03 7.243289488572505347e-03 -3.664164356229518416e-01 8.455528827259788799e-03 9.999601413670127226e-01 2.888223057842905037e-03 -2.787033193812848086e+00 -7.267483200338045561e-03 -2.826797552555229687e-03 9.999696767613502901e-01 1.476792916660691901e+02
9.997315499771171066e-01 -2.251825371876911216e-02 5.454240242344618288e-03 -3.561334610770566789e-01 2.249113598180780063e-02 9.997346826637275585e-01 4.983492709190759026e-03 -2.786438184537778806e+00 -5.565013884734435617e-03 -4.859482701897490688e-03 9.999727884225997343e-01 1.490347713084840962e+02
9.995937812887707441e-01 -2.819462536902298325e-02 4.162694594070035989e-03 -3.466432487877159074e-01 2.818153510159391445e-02 9.995978533749730888e-01 3.170917155790102266e-03 -2.828569137953033774e+00 -4.250424673737237050e-03 -3.052317804326905130e-03 9.999863892988901659e-01 1.503890682988583478e+02
9.996585551558463401e-01 -2.578878611779038613e-02 4.207627231779575809e-03 -3.525968764127383470e-01 2.579165838873623273e-02 9.996672027794240023e-01 -6.294098802771557919e-04 -2.852829591577107138e+00 -4.189996501134201495e-03 7.377168098643293757e-04 9.999910305801527066e-01 1.517250851814554551e+02
9.998013428010464887e-01 -1.921963773666964317e-02 5.279484999821612741e-03 -3.608882453246533006e-01 1.923827515645733927e-02 9.998088550451036394e-01 -3.502036959882103527e-03 -2.886348056174185217e+00 -5.211169179838151186e-03 3.602909599165768709e-03 9.999800119485364736e-01 1.530566397713180322e+02
9.998443153739764444e-01 -1.660626329816138405e-02 5.964020017671055156e-03 -3.776545585344403544e-01 1.663021241445600956e-02 9.998538145984257053e-01 -3.988432062305917458e-03 -2.919607747879612081e+00 -5.896916378625734374e-03 4.086994202770739479e-03 9.999743418680275830e-01 1.544019503588399118e+02
9.997908745559147548e-01 -1.917180136553820954e-02 7.116297461053694082e-03 -3.666142553828710127e-01 1.918203879216261523e-02 9.998151262402957817e-01 -1.372898179485872346e-03 -2.950176409061394889e+00 -7.088662008904226229e-03 1.509116315125756886e-03 9.999738171462944081e-01 1.557506361700334594e+02
9.996191460760931458e-01 -2.662018643140794810e-02 7.274681080803158291e-03 -3.404025173477833177e-01 2.660231400175278385e-02 9.996429226912739718e-01 2.542855493648553140e-03 -2.977307635081468007e+00 -7.339775827451161180e-03 -2.348363546102345649e-03 9.999703867706567495e-01 1.570936924727868700e+02
9.994349955047673317e-01 -3.291399650287549911e-02 6.808165771299344408e-03 -3.195974409171483122e-01 3.288434900253604104e-02 9.994494422236107622e-01 4.422004866829348964e-03 -3.003349634531950141e+00 -6.949964443030643736e-03 -4.195624176021236010e-03 9.999671275948116556e-01 1.584168522926222806e+02
9.993839555240102701e-01 -3.437782508968004885e-02 7.061665085023777037e-03 -3.148232393749155755e-01 3.434610218343139842e-02 9.993996305259806867e-01 4.565726976326041700e-03 -3.037513197891388295e+00 -7.214386331704625288e-03 -4.320373475522879501e-03 9.999647236483630852e-01 1.597643795582584687e+02
9.994381172406288094e-01 -3.253801050974755582e-02 8.044886812185304478e-03 -3.201950313924959990e-01 3.250359363341097374e-02 9.994621143377577788e-01 4.372699720615291254e-03 -3.042151962520304842e+00 -8.182839564672484897e-03 -4.108754906336247424e-03 9.999581595288512537e-01 1.610973501772635075e+02
9.995087160899424061e-01 -2.996152266929346178e-02 9.199246625919553499e-03 -3.228961407185925725e-01 2.992714678523600985e-02 9.995447205936757173e-01 3.852210165871943360e-03 -3.058376929373621600e+00 -9.310477443819171681e-03 -3.575010295875743170e-03 9.999503466922310402e-01 1.624658804875153635e+02
9.995656806694953600e-01 -2.765076115469172757e-02 1.019205324957879640e-02 -3.165944709809143665e-01 2.762812181435314943e-02 9.996155561639942233e-01 2.355603753837526206e-03 -3.080068692248786988e+00 -1.025327011894272035e-02 -2.072993240750106887e-03 9.999453658524987132e-01 1.638287334067213976e+02
9.996666899161142927e-01 -2.344335124261270192e-02 1.081253263056494718e-02 -3.135329857403896803e-01 2.343004708333640967e-02 9.997246207050921596e-01 1.355642181392466370e-03 -3.106063328439029103e+00 -1.084133674707184886e-02 -1.101852043493572846e-03 9.999407046813502120e-01 1.651739980729959711e+02
9.997206621318340813e-01 -2.083816925478251814e-02 1.115172241773622341e-02 -3.125638050652886357e-01 2.081707484317331727e-02 9.997813528701544605e-01 2.004486828850378724e-03 -3.127254386947088793e+00 -1.119105480915317564e-02 -1.771780524289442516e-03 9.999358892573189106e-01 1.665513224151180793e+02
9.997360851598235953e-01 -2.017603619813656060e-02 1.098544928481527856e-02 -3.110840607720513074e-01 2.015240002114537798e-02 9.997944305637623819e-01 2.258208837229014245e-03 -3.160812343002532998e+00 -1.102875357333218086e-02 -2.036229560085364449e-03 9.999371889786856649e-01 1.679228278520431843e+02
9.997227004663639116e-01 -2.100833183770941734e-02 1.063788840651576882e-02 -3.092042900680943562e-01 2.100373629866333913e-02 9.997793104338255077e-01 5.436992584862775481e-04 -3.166566373642291765e+00 -1.064696382972210240e-02 -3.201129467820901741e-04 9.999433490093843080e-01 1.692615772517192738e+02
9.998299838702316977e-01 -1.530153935321978444e-02 1.028876801983975506e-02 -2.905088720117829371e-01 1.533023283085304528e-02 9.998788584817609459e-01 -2.715593009743034591e-03 -3.214118069546149314e+00 -1.024596977164718599e-02 2.872860673615822927e-03 9.999434625590054582e-01 1.706183420071336627e+02
9.999239787468396923e-01 -6.971622517228274335e-03 1.016984306550077627e-02 -2.894876224478655780e-01 7.018712882962709759e-03 9.999648404736539709e-01 -4.601913440464473065e-03 -3.254354943651693421e+00 -1.013740360315662850e-02 4.672942955430678391e-03 9.999377771600559406e-01 1.719808320099645300e+02
9.999437541329234680e-01 -2.063355528836441008e-03 1.040305921811477026e-02 -2.994291717042607548e-01 2.104898279882458367e-03 9.999899103866375372e-01 -3.983797730021793743e-03 -3.271540364044209337e+00 -1.039473515726097724e-02 4.005471182506236717e-03 9.999380316904988852e-01 1.733656317500253863e+02
9.999380034367213455e-01 2.439012805122734925e-03 1.086429996201395375e-02 -2.986337007584870529e-01 -2.420329338723663844e-03 9.999956314804787638e-01 -1.732378313763546307e-03 -3.310971278375252513e+00 -1.086847866031002974e-02 1.705975859071051041e-03 9.999395618522607387e-01 1.747203804542687635e+02
9.999434897659312815e-01 -8.924193383313098896e-04 1.059308126860140573e-02 -3.026330541042705491e-01 8.858671050161439275e-04 9.999994743827114174e-01 6.233686923992028724e-04 -3.320982952772755681e+00 -1.059363289173583834e-02 -6.139492786057109026e-04 9.999437781933572245e-01 1.761006390698803727e+02
9.999458904511162594e-01 -3.536695631689888621e-03 9.782661117432502745e-03 -2.904969168720723527e-01 3.519160699693153153e-03 9.999922320904933715e-01 1.809249882704918894e-03 -3.363261587758754612e+00 -9.788984827430964597e-03 -1.774725105285028743e-03 9.999505926124435673e-01 1.775068113149848443e+02
9.999358811541750880e-01 -7.940651941192910027e-03 8.072925610957532722e-03 -2.827946718813875160e-01 7.924111191796348944e-03 9.999665035201789065e-01 2.079043503085847757e-03 -3.367525323800340864e+00 -8.089165195551110618e-03 -2.014939309994266681e-03 9.999653328816241471e-01 1.788717837582194647e+02
9.999462375804472059e-01 -8.141996363095272901e-03 6.420462994850410429e-03 -2.748156654537849963e-01 8.154112851248245322e-03 9.999650802897234181e-01 -1.862999422937669210e-03 -3.411857841824526449e+00 -6.405071397600370191e-03 1.915252586666982889e-03 9.999777339555809830e-01 1.802618198690938698e+02
9.999761516619767310e-01 -4.721581986126813756e-03 5.039372528860074953e-03 -2.807722291838771755e-01 4.750674420850010959e-03 9.999720926454475078e-01 -5.776429891526513663e-03 -3.446772018209441679e+00 -5.011959226112547815e-03 5.800232707764193391e-03 9.999706991224227570e-01 1.816558350490287523e+02
9.999898922249144118e-01 1.649468981614140466e-04 4.492299196171065448e-03 -2.793038452068027921e-01 -1.319333529155136383e-04 9.999730564545414868e-01 -7.347861707913636367e-03 -3.471635808991599514e+00 -4.493391415566178049e-03 7.347194912073924666e-03 9.999629941643191078e-01 1.830529194582101695e+02
9.999696252605038138e-01 6.595705206950777146e-03 4.151837459864763692e-03 -2.918440617612634846e-01 -6.570049703229744950e-03 9.999594890815395321e-01 -6.162527267243401129e-03 -3.513348734526128503e+00 -4.192316748961944298e-03 6.135062453186753036e-03 9.999724731343667683e-01 1.844088298815529470e+02
9.999624374020921191e-01 7.526501115787041091e-03 4.297451939436607374e-03 -2.969036218693061335e-01 -7.512777600861574902e-03 9.999667186433389698e-01 -3.200293035561986403e-03 -3.533130259762185865e+00 -4.321397188771970536e-03 3.167887161226107424e-03 9.999857256756359281e-01 1.858362967193456825e+02
9.999689908633266899e-01 6.247187374201768929e-03 4.794005156438602144e-03 -2.908130900089613280e-01 -6.243069225922077449e-03 9.999801916881168040e-01 -8.731657984760050071e-04 -3.569563691226889546e+00 -4.799366263533891980e-03 8.432095458464917417e-04 9.999882082400454175e-01 1.872243527570460913e+02
9.999792860732362731e-01 4.205422177937016143e-03 4.871793073532120627e-03 -2.946755097679077395e-01 -4.205555766960952790e-03 9.999912175111040913e-01 1.751097123487685208e-05 -3.590771192806748502e+00 -4.871677880101783591e-03 -3.799907821277671594e-05 9.999882133548688712e-01 1.886127421432659617e+02
9.999773665609318352e-01 5.062166653949163805e-03 4.430954282580929111e-03 -2.958476872953426651e-01 -5.064798203916798074e-03 9.999870647876484275e-01 5.832495122527474752e-04 -3.628888045490008984e+00 -4.427945722692274919e-03 -6.056780752646713506e-04 9.999900939450826476e-01 1.900384443534323111e+02
9.999858153007346040e-01 2.577993011246407229e-03 4.660006988516089688e-03 -2.914969818592592077e-01 -2.581883673653234419e-03 9.999963840080422495e-01 8.294313125634464193e-04 -3.646894096705390442e+00 -4.657853117511294092e-03 -8.414510171214813206e-04 9.999888788892653535e-01 1.914569232476272589e+02
9.999880170172500415e-01 3.031927821799341376e-04 4.885325734012546314e-03 -2.989921821722504314e-01 -3.094825355443820911e-04 9.999991848436757813e-01 1.287107420888317913e-03 -3.687350162691627631e+00 -4.884932744044731892e-03 -1.288603794442660022e-03 9.999873191546604367e-01 1.928580990187468558e+02
9.999830422185675971e-01 -2.174574798098438330e-03 5.401759634853083199e-03 -2.899596168507000415e-01 2.163213117495132315e-03 9.999954982407952553e-01 2.108583412286232309e-03 -3.714746854173103685e+00 -5.406321792445765648e-03 -2.096862373587283623e-03 9.999832680554361364e-01 1.942796440001603457e+02
9.999585021201824464e-01 -6.892342309229788563e-03 5.956690124011817036e-03 -2.886172621191283594e-01 6.871884264693308916e-03 9.999705034731299902e-01 3.448407227494090961e-03 -3.736018597273884634e+00 -5.980283193720981397e-03 -3.407330318030627522e-03 9.999763936468781811e-01 1.956910468850719838e+02
9.999319389509740974e-01 -9.895592378477136714e-03 6.179580703357364160e-03 -2.822369481123053192e-01 9.874583861386123165e-03 9.999454534415018747e-01 3.421236457483579040e-03 -3.756711025830854034e+00 -6.213099943778982621e-03 -3.359982691630631312e-03 9.999751344126113217e-01 1.971304362176487643e+02
9.999316281536971829e-01 -9.751692386453993111e-03 6.452597451029835028e-03 -2.929143571210711672e-01 9.751159517597907805e-03 9.999525108467718360e-01 1.142903856502460499e-04 -3.795781353993918472e+00 -6.453406683839198882e-03 -5.136212725539446853e-05 9.999792560063288649e-01 1.985566124619764707e+02
9.999729756784945245e-01 -3.026621730360899969e-03 6.699252140716900096e-03 -3.013678368075675129e-01 3.059875790454526148e-03 9.999830839933416815e-01 -4.958931819973163777e-03 -3.828009720407914429e+00 -6.684131124124205979e-03 4.979296838235382390e-03 9.999653446661099787e-01 1.999854498556763360e+02
9.999294674441883135e-01 8.949597115859629290e-03 7.807520582937971416e-03 -3.237357693870271946e-01 -8.904444538380152166e-03 9.999436022690354475e-01 -5.798727630345400924e-03 -3.850779901764612934e+00 -7.858977579798758981e-03 5.728797140518443118e-03 9.999527883325800559e-01 2.013769321494507949e+02
9.998147326193893569e-01 1.691227228163425661e-02 9.190649546121257979e-03 -3.326122934605681980e-01 -1.688788827530044584e-02 9.998537395288908947e-01 -2.724123108738453307e-03 -3.857178794318347315e+00 -9.235377395348291774e-03 2.568407879091786760e-03 9.999541352606901023e-01 2.028405108190790429e+02
9.998069287306220465e-01 1.671038545801920017e-02 1.033735145212369595e-02 -3.298517730750107901e-01 -1.671040444289285248e-02 9.998604289252084332e-01 -8.438497891442195929e-05 -3.889169341881285380e+00 -1.033731966346869598e-02 -8.837252349867232221e-05 9.999466453525257537e-01 2.042974885569785499e+02
9.998560752483276470e-01 1.377134754526940751e-02 9.908144129359473459e-03 -3.198900751084803318e-01 -1.377805904924027901e-02 9.999049532645705174e-01 6.095936877581842415e-04 -3.925146491933130921e+00 -9.898808394295381327e-03 -7.460208333360202147e-04 9.999508080823658052e-01 2.057276783461749972e+02
9.999120716221935323e-01 9.983075920009989307e-03 8.728101261153758603e-03 -3.143609653671743942e-01 -9.990111339940526552e-03 9.999498675230718003e-01 7.630246911432457752e-04 -3.952083770347660341e+00 -8.720047366474499920e-03 -8.501521858467041975e-04 9.999616990437719677e-01 2.071543399139941926e+02
9.999338016149671438e-01 8.705797637088952268e-03 7.522898652779029700e-03 -3.038247146810842403e-01 -8.709620184225438239e-03 9.999620184264830236e-01 4.757256953072062098e-04 -3.987951496009590979e+00 -7.518472422743556309e-03 -5.412156727130103522e-04 9.999716701973099253e-01 2.086097120108467493e+02
9.999274694390858365e-01 9.656775192876720926e-03 7.196880268012345941e-03 -3.015982884590537316e-01 -9.655157833201625031e-03 9.999534153279645565e-01 -2.592154224486963900e-04 -4.014042879686740228e+00 -7.199049280862396608e-03 1.897097290523661755e-04 9.999741492852939340e-01 2.100876406361274178e+02
9.999112822623961172e-01 1.128410919866799228e-02 7.077359707659039954e-03 -3.001278498417836449e-01 -1.128248977360686925e-02 9.999363756926861191e-01 -2.684729151480219926e-04 -4.039556166246849322e+00 -7.079939992708831308e-03 1.885989796963237399e-04 9.999749998971286802e-01 2.115380061333547985e+02
9.999012919472461958e-01 1.233514509532301386e-02 6.726298954167818887e-03 -3.032897426096663462e-01 -1.233686858677960491e-02 9.999239358641560660e-01 2.150413314147709147e-04 -4.063497982456897972e+00 -6.723135879740000341e-03 -2.980014523286677350e-04 9.999774358344410974e-01 2.129942296182858001e+02
9.999102959020643722e-01 1.163660372030662048e-02 6.631903243678712381e-03 -2.973780118948948226e-01 -1.163761508559621634e-02 9.999323351931831416e-01 1.141744340221930853e-04 -4.100874024390419592e+00 -6.630127021849419391e-03 -1.913436092842547094e-04 9.999780829309314889e-01 2.144359717552350162e+02
9.999184605759636746e-01 1.115707116442276811e-02 6.211642202792373030e-03 -2.956537919515556112e-01 -1.115252534157049231e-02 9.999375765207502154e-01 -7.657201000700334303e-04 -4.125293201286320155e+00 -6.219798795695160275e-03 6.963822906960969155e-04 9.999804951565250954e-01 2.159378203702165706e+02
9.999093843952433502e-01 1.210847566167751188e-02 5.882206648464702141e-03 -2.730439609951989532e-01 -1.210160545114421365e-02 9.999261116251333403e-01 -1.201881723755464978e-03 -4.157756486084291936e+00 -5.896326148402721880e-03 1.130588795714665027e-03 9.999820581618675819e-01 2.173835970739830827e+02
9.999156832813808071e-01 1.186409473139057869e-02 5.278458419790375833e-03 -2.869612473560715360e-01 -1.185673336824261473e-02 9.999287543900442499e-01 -1.423412272417979652e-03 -4.183769261879561441e+00 -5.294971058390117273e-03 1.360707107665272810e-03 9.999851365375600487e-01 2.188447412169413440e+02
9.999140788722865603e-01 1.203054334589256751e-02 5.205135879198969327e-03 -2.830379572537443655e-01 -1.202325022935003818e-02 9.999267568398247930e-01 -1.429857989913015147e-03 -4.219078333204299369e+00 -5.221957819134852123e-03 1.367152610482816810e-03 9.999855116893512363e-01 2.203213041389278715e+02
9.999153192735623641e-01 1.201788996650055182e-02 4.991707386914503650e-03 -2.854585597734269342e-01 -1.200958217664250399e-02 9.999265141652181610e-01 -1.690647661861521085e-03 -4.246488999478052584e+00 -5.011659809339550145e-03 1.630556304425050508e-03 9.999861929498378155e-01 2.218001696235539271e+02
9.999076435435472199e-01 1.270908599233631919e-02 4.814151910864065617e-03 -2.905508107917771921e-01 -1.270025215736108638e-02 9.999176781908788447e-01 -1.860784359857291627e-03 -4.279411021489667455e+00 -4.837405704792110440e-03 1.799471689360461046e-03 9.999867613852656545e-01 2.232907426002952036e+02
9.999093380647038343e-01 1.270826002205262088e-02 4.450653960612241389e-03 -3.030714425714346461e-01 -1.269887329042988441e-02 9.999171570790400532e-01 -2.130652022391761428e-03 -4.309771717820405357e+00 -4.477363392296843277e-03 2.073940692115949867e-03 9.999879066893319068e-01 2.247820412879060825e+02
9.998959058764956831e-01 1.381104245388553239e-02 4.174333974376091654e-03 -2.966737637185205001e-01 -1.380147513536953384e-02 9.999021438349519064e-01 -2.311734536682411370e-03 -4.344127771687252171e+00 -4.205854227327578826e-03 2.253882061662286409e-03 9.999886961078687797e-01 2.262638421113935578e+02
9.999030155060704139e-01 1.327044894918683049e-02 4.224607798935502839e-03 -3.071699161001459899e-01 -1.326093729611555611e-02 9.999095515195627337e-01 -2.271211575460144790e-03 -4.379827856792365637e+00 -4.254366957320692214e-03 2.214969173776148211e-03 9.999885778402842762e-01 2.277593980980377069e+02
9.999157862231479177e-01 1.232280624089531623e-02 4.069576096907620913e-03 -3.035184356183897036e-01 -1.231316014189210058e-02 9.999214032852862255e-01 -2.386508424053191291e-03 -4.411882328361010686e+00 -4.098666002328073439e-03 2.336198236024756431e-03 9.999889522651553841e-01 2.292426658565023274e+02
9.999186258169705521e-01 1.207731607230163803e-02 4.107641840086785276e-03 -3.115643002079290236e-01 -1.206860630279221573e-02 9.999249466319928281e-01 -2.138206928627188301e-03 -4.450421637428231492e+00 -4.133158626548770823e-03 2.088459551867791891e-03 9.999893583804009278e-01 2.307215474998546654e+02
9.999406625796024572e-01 1.003306549848282866e-02 4.242811673447797506e-03 -3.057185080437476721e-01 -1.002614817122510563e-02 9.999484397408480163e-01 -1.648121032767596366e-03 -4.478236547938360346e+00 -4.259129889742042582e-03 1.605484308956885804e-03 9.999897218323650083e-01 2.322124874208932113e+02
9.999451530152695389e-01 9.640115308794154625e-03 4.092880576458225034e-03 -3.122332951536229695e-01 -9.635707832086773048e-03 9.999530371897353831e-01 -1.094824657961555132e-03 -4.515947885500882997e+00 -4.103243879666105057e-03 1.055326937013890401e-03 9.999911055665468007e-01 2.337168592964966081e+02
9.999507449523780123e-01 8.926472697627104921e-03 4.338004777877513610e-03 -3.152249126563457238e-01 -8.921360496121468267e-03 9.999595496607827094e-01 -1.196019459880975737e-03 -4.541831223337067236e+00 -4.348506804500623484e-03 1.157259774466751255e-03 9.999899563376016820e-01 2.352181125586568271e+02
9.999343145181237569e-01 1.045308031983197515e-02 4.700244271553601777e-03 -3.143628623083492557e-01 -1.044535233052490235e-02 9.999441200519070261e-01 -1.665376027948875298e-03 -4.579762842941377698e+00 -4.717391174056308895e-03 1.616171058751611012e-03 9.999876477985255585e-01 2.367179589800288113e+02
9.998995110030516331e-01 1.328180790238196567e-02 4.955201175613039959e-03 -3.269913299124909134e-01 -1.327541470901918291e-02 9.999110668537499746e-01 -1.320540713526106944e-03 -4.615308744911781780e+00 -4.972300889486505962e-03 1.254625788698796908e-03 9.999869317526896006e-01 2.382328921880197186e+02
9.999194924264968032e-01 1.145958570312808483e-02 5.447852680630907093e-03 -3.234005155550001009e-01 -1.146159856044751298e-02 9.999343174070038920e-01 3.386980790782603942e-04 -4.628251056244080175e+00 -5.443614711757860380e-03 -4.011117913846744287e-04 9.999851837434836632e-01 2.397567645179309181e+02
9.999381394915071164e-01 9.407102542911766410e-03 5.934319118277516653e-03 -3.301383351750439843e-01 -9.416273298999532776e-03 9.999545723083055337e-01 1.519608287279420288e-03 -4.662734033537779155e+00 -5.919755596513839695e-03 -1.575393337033146853e-03 9.999813179094289017e-01 2.412712430291961994e+02
9.999312310733445841e-01 9.817105694546347100e-03 6.414833767069388903e-03 -3.260099143582347314e-01 -9.820197517120243455e-03 9.999517400799493583e-01 4.509134272427166800e-04 -4.697730523084323373e+00 -6.410098663787481936e-03 -5.138772326176171577e-04 9.999794038399463236e-01 2.427774579892000020e+02
9.999201513822487675e-01 1.029437462015079380e-02 7.328659104833758382e-03 -3.296561478636509945e-01 -1.028552962692068189e-02 9.999463905849537149e-01 -1.243352700253707319e-03 -4.721192190476640071e+00 -7.341066840851941284e-03 1.167874405504580821e-03 9.999724527937383645e-01 2.442880027106183149e+02
9.998965086458460050e-01 1.241490400192932740e-02 7.268747929017604047e-03 -3.359889399493228845e-01 -1.240591259286394181e-02 9.999222847734439146e-01 -1.280558135592147536e-03 -4.748031055941331680e+00 -7.284082129198764417e-03 1.190250281528398369e-03 9.999728431268027906e-01 2.458210540318241613e+02
9.999001020396423023e-01 1.219116347857690692e-02 7.152203398384167007e-03 -3.254210933197000388e-01 -1.218923926764870456e-02 9.999257207279289572e-01 -3.123404700528748597e-04 -4.780654218236445097e+00 -7.155481026531067268e-03 2.251294701269361250e-04 9.999744546473013918e-01 2.473186317261145462e+02
9.999090815739190008e-01 1.138636394504771721e-02 7.223007604243958726e-03 -3.391804259119249876e-01 -1.138948421086501996e-02 9.999351222338600520e-01 3.912275027393160112e-04 -4.819661206676315146e+00 -7.218085424490438412e-03 -4.734581452984139315e-04 9.999739179695072977e-01 2.488490439599967488e+02
9.999042862077174298e-01 1.190518298541043581e-02 7.048232398353512264e-03 -3.303270193249759346e-01 -1.190911293606909151e-02 9.999290118563870511e-01 5.161024803746916845e-04 -4.847199472833725764e+00 -7.041588865439461081e-03 -5.999911598925114714e-04 9.999751084781457466e-01 2.503588676017571117e+02
9.998782259922354143e-01 1.391905430368489509e-02 7.055895335089929291e-03 -3.256876256109315082e-01 -1.392401135127000963e-02 9.999029033346955586e-01 6.541321703367639854e-04 -4.872355267151758262e+00 -7.046106432433345106e-03 -7.522987649089031299e-04 9.999749736716969650e-01 2.519200277216986024e+02
9.998599523256355148e-01 1.509390173555503339e-02 7.227891456701590785e-03 -3.228209017350467946e-01 -1.509949603308439678e-02 9.998857977334600911e-01 7.202669777931309733e-04 -4.905191023003555806e+00 -7.216195468322678282e-03 -8.293035099122278778e-04 9.999736998129976628e-01 2.534501170105322387e+02
9.998586264187713235e-01 1.521778075585701953e-02 7.151144973954792587e-03 -3.271313011285337802e-01 -1.522311294502303076e-02 9.998839432679356154e-01 6.920266092962896283e-04 -4.923339798799655220e+00 -7.139785023064963189e-03 -8.007913480232675641e-04 9.999742715400558035e-01 2.549827973170729933e+02
9.998654600107647061e-01 1.467492549705534319e-02 7.328095709820774822e-03 -3.224578164328090746e-01 -1.468399150046628514e-02 9.998915431111281560e-01 1.185109311289287261e-03 -4.961540599119478756e+00 -7.309910623333913324e-03 -1.292555448757706695e-03 9.999725276456782330e-01 2.564715345318271602e+02
9.998843983204819263e-01 1.341757640972217162e-02 7.152005446673027900e-03 -3.130865653008593763e-01 -1.343081049416105198e-02 9.999082329978881134e-01 1.805821857903762342e-03 -4.992300012305599388e+00 -7.127120474223886532e-03 -1.901670219782976810e-03 9.999728743035714018e-01 2.580326393889181986e+02
9.999244476008125604e-01 9.783039363944498121e-03 7.442026799041936806e-03 -3.099755561812638227e-01 -9.803381780093205211e-03 9.999483558403264860e-01 2.702119453451471039e-03 -5.024931272248770675e+00 -7.415208602156364223e-03 -2.774872220600674722e-03 9.999687376634684988e-01 2.595913381459045013e+02
9.999481055914308802e-01 6.986030203397703905e-03 7.414447409218003458e-03 -3.171708899578524754e-01 -7.003134067648451346e-03 9.999729313279623888e-01 2.283598853727445907e-03 -5.047855732485717617e+00 -7.398294501227119409e-03 -2.335404601986595247e-03 9.999699858808948072e-01 2.611188501536524882e+02
9.999460934426238623e-01 7.459713663064384409e-03 7.221870010579243236e-03 -3.008312945754553214e-01 -7.468198757503975889e-03 9.999715136748436040e-01 1.148888096417004408e-03 -5.080434992538140015e+00 -7.213095002049079753e-03 -1.202760405455287167e-03 9.999733427281352061e-01 2.626388174659692822e+02
9.999451831610456365e-01 7.183645362064988021e-03 7.616983462209975936e-03 -2.992243445254855749e-01 -7.201758306875289881e-03 9.999713586700439416e-01 2.353426336009867975e-03 -5.107523453890108200e+00 -7.599860191070850930e-03 -2.408152888154256079e-03 9.999683017294098697e-01 2.641676559563832143e+02
9.999598055801439678e-01 4.186341372247376694e-03 7.928069601590304744e-03 -2.917155651182804510e-01 -4.220694835004388211e-03 9.999818157002022811e-01 4.321586544806627420e-03 -5.128014109512808005e+00 -7.909834850691813135e-03 -4.354874694417699456e-03 9.999593147310844587e-01 2.657306388720361383e+02
9.999632192263478991e-01 2.533158868671824340e-03 8.193644777527757384e-03 -2.854669848117325492e-01 -2.567472474305709188e-03 9.999880278788151333e-01 4.180226515751395144e-03 -5.159356451643594355e+00 -8.182958539478963830e-03 -4.201109610453643978e-03 9.999577748115688891e-01 2.672511777547451288e+02
9.999660103318253057e-01 6.693212219766509928e-04 8.217219775747727772e-03 -2.927457863981651753e-01 -6.956190461493495011e-04 9.999947052146600512e-01 3.198088418519992506e-03 -5.184459747837813381e+00 -8.215036751123613173e-03 -3.203695655241600455e-03 9.999612047695251027e-01 2.688112603886056036e+02
9.999568394864056797e-01 2.398364415149951794e-03 8.975495879398602550e-03 -2.722071882239179841e-01 -2.422353447134467826e-03 9.999935813770024495e-01 2.662990430273895568e-03 -5.211924037077235283e+00 -8.969052433473199970e-03 -2.684617201721264512e-03 9.999562542771089912e-01 2.703584056798968618e+02
9.999383022245440511e-01 3.915434880987248185e-03 1.039488484889586166e-02 -2.804957160369166980e-01 -3.942496827468856650e-03 9.999889499612039101e-01 2.584333685588418791e-03 -5.231133703053209238e+00 -1.038465209424102934e-02 -2.625155924678661875e-03 9.999427129071466469e-01 2.718586050853962206e+02
9.999225765651252873e-01 5.872815638811884446e-03 1.097011547133350771e-02 -2.887345692465254632e-01 -5.899826905734163393e-03 9.999797003551950114e-01 2.431670598153633320e-03 -5.263358355534541566e+00 -1.095561289340126615e-02 -2.496203999952946624e-03 9.999369505376063394e-01 2.734032511328657051e+02
9.999062241432244980e-01 6.719289912239332502e-03 1.193258508436082464e-02 -2.907184876152567599e-01 -6.745764860134707830e-03 9.999749318955867272e-01 2.179985464052116781e-03 -5.288200995776726643e+00 -1.191763880847371455e-02 -2.260275335421990921e-03 9.999265085890223226e-01 2.749426677212283607e+02
9.998914365736878418e-01 7.219414054551948415e-03 1.284475197023525299e-02 -2.849658363009501261e-01 -7.245342041129652737e-03 9.999718661964430710e-01 1.973305033040113898e-03 -5.315415926787061984e+00 -1.283014524229783744e-02 -2.066155314364315904e-03 9.999156363979924134e-01 2.764987204521207218e+02
9.998754876719357920e-01 7.773097098699065059e-03 1.373246672086095820e-02 -2.750440642059216456e-01 -7.792309087874165277e-03 9.999687944134244555e-01 1.346185473947677288e-03 -5.348860699079468262e+00 -1.372157485575052106e-02 -1.453025369966169829e-03 9.999048797951508583e-01 2.780615844868597151e+02
9.998606485273795474e-01 7.416454456437207750e-03 1.495567644082054261e-02 -2.765206808088784274e-01 -7.430101978876182955e-03 9.999720899856175960e-01 8.572818216089253106e-04 -5.375689337950238844e+00 -1.494890165568050697e-02 -9.682844456337944342e-04 9.998878708639828972e-01 2.796038748517776753e+02
9.998522604653854451e-01 7.297848776797846541e-03 1.556249253555453370e-02 -2.446882260580419965e-01 -7.308826688681183299e-03 9.999731407737993960e-01 6.487537562680892366e-04 -5.413419167062561321e+00 -1.555734061449311548e-02 -7.624013565015968054e-04 9.998787673678029009e-01 2.811445628280569053e+02
9.998510540880191089e-01 6.142530466452776790e-03 1.612859214985742917e-02 -2.346376569453126337e-01 -6.174371310032080416e-03 9.999791461389536673e-01 1.925234333542013296e-03 -5.442866224765413818e+00 -1.611643054494671726e-02 -2.024531384718345709e-03 9.998681530452385724e-01 2.826776961788137896e+02
9.998545259452521483e-01 4.243027517307341838e-03 1.652017513770483864e-02 -2.095848922493375455e-01 -4.282394702063672953e-03 9.999881339705304351e-01 2.348429114741759898e-03 -5.468327473615705259e+00 -1.651001518468041968e-02 -2.418833280382928254e-03 9.998608554086608757e-01 2.842225944630835102e+02
9.998660463519890573e-01 1.356572805174091796e-03 1.631078106507776945e-02 -2.016034218401280553e-01 -1.360336606165313874e-03 9.999991116494358900e-01 2.197626580011945207e-04 -5.498518975847855650e+00 -1.631046898678600518e-02 -2.419212526903769271e-04 9.998670269643419317e-01 2.857681950681133003e+02
9.998585374400268400e-01 3.392622048388734511e-03 1.647385031983835887e-02 -1.836268110251447483e-01 -3.361206730705498542e-03 9.999925416135990730e-01 -1.934195791369461379e-03 -5.537244096930004744e+00 -1.648028997026179665e-02 1.878550284601272335e-03 9.998625068609423572e-01 2.873204435337186737e+02
9.998671147344030397e-01 4.313842144283283261e-03 1.572056488018364409e-02 -1.593538627493210902e-01 -4.280103781359332650e-03 9.999885272365245381e-01 -2.179039203702259290e-03 -5.560557940533662702e+00 -1.572978512220026687e-02 2.111464119183227052e-03 9.998741306360067194e-01 2.888683583392851233e+02
9.998851000091029118e-01 2.864404554156128619e-03 1.488537819191571195e-02 -1.371170939555247936e-01 -2.835948966983014088e-03 9.999941728528486395e-01 -1.932294424404938258e-03 -5.598185022901629004e+00 -1.489082694609474358e-02 1.889858358724211913e-03 9.998874202853818005e-01 2.904060444520461601e+02
9.999005992807926679e-01 9.895926050660314253e-04 1.406430864608776941e-02 -1.284000113988847946e-01 -9.581363433413846772e-04 9.999970864055767183e-01 -2.243048494948758718e-03 -5.632208204253884354e+00 -1.406648804306759662e-02 2.229350140272363771e-03 9.998986575896403606e-01 2.919484832907146483e+02
9.999080728842277832e-01 1.596312969208240479e-03 1.346440046090947862e-02 -1.129207339707645613e-01 -1.560877218298170784e-03 9.999953533540101303e-01 -2.641787850200330318e-03 -5.663285094765192262e+00 -1.346855572352332296e-02 2.620528855026445052e-03 9.999059417631268598e-01 2.935399119943292590e+02
9.999124719676493189e-01 3.080669444817109217e-03 1.286663886517741724e-02 -1.051180439220920082e-01 -3.048336135495261726e-03 9.999922101279192788e-01 -2.531686743055481300e-03 -5.697244105349158261e+00 -1.287433866890417417e-02 2.492243440869814936e-03 9.999140971427732394e-01 2.951084927870209640e+02
9.999221792655611507e-01 2.130607147386429090e-03 1.229180377950643034e-02 -9.374713774206404338e-02 -2.103103947010083897e-03 9.999953185329366612e-01 -2.249883407909552754e-03 -5.726732594075950367e+00 -1.229654063215245702e-02 2.223857511048431095e-03 9.999220025006805290e-01 2.966281597445986336e+02
9.999327203800136843e-01 2.530934166051883923e-03 1.131996467102123864e-02 -7.983318227546587487e-02 -2.518062109801560804e-03 9.999962282415620907e-01 -1.151075362229919555e-03 -5.767095955332516510e+00 -1.132283610985550422e-02 1.122493672322982675e-03 9.999353453746416820e-01 2.982238058773842226e+02
9.999367101896604604e-01 2.779973012660426780e-03 1.090137055396145881e-02 -6.439657996129583006e-02 -2.781033492424916410e-03 9.999961905889670488e-01 8.227104003237129697e-05 -5.796750794209906132e+00 -1.090110118071338161e-02 -1.125827860778565891e-04 9.999406556677804536e-01 2.998105486144864358e+02
9.999314670437393637e-01 3.052861730777259915e-03 1.130193640581096150e-02 -6.498883461658751248e-02 -3.055835391463675079e-03 9.999953617213345192e-01 2.459951346744281226e-04 -5.824954993150667448e+00 -1.130113383669517635e-02 -2.805150106648524174e-04 9.999361815757649152e-01 3.013942971159085573e+02
9.999190212380787424e-01 3.508509477204923947e-03 1.223249134095289077e-02 -4.767480215674893551e-02 -3.511218577441843451e-03 9.999938766804098433e-01 2.001313909981504002e-04 -5.853812678659014779e+00 -1.223171505932857568e-02 -2.430660139207415195e-04 9.999252410076396869e-01 3.029570756034242436e+02
9.999131950163725469e-01 3.141929737190417554e-03 1.279543770746934157e-02 -4.727519786273008673e-02 -3.141983236158717250e-03 9.999951248878206078e-01 -1.579404149618007292e-05 -5.878561980137689602e+00 -1.279542570212434741e-02 -2.441025811191057998e-05 9.999182156674132349e-01 3.045604762981619160e+02
9.999186456952985358e-01 1.259877034859271244e-03 1.269280164185770422e-02 -3.456914681356237917e-02 -1.245812282104329051e-03 9.999986625184447142e-01 -1.115806477218856015e-03 -5.906851675841692462e+00 -1.269419119964893677e-02 1.099902981279099034e-03 9.999189013423285255e-01 3.061947807944775946e+02
9.999158794515764503e-01 -7.710597028064402605e-04 1.294727759363040014e-02 -1.696883984112576571e-02 8.059553067434720034e-04 9.999961180004032224e-01 -2.690080759163012043e-03 -5.949069013485171808e+00 -1.294515385788589344e-02 2.700289530417215606e-03 9.999126426675387647e-01 3.077674125148369058e+02
9.999136710997627020e-01 -1.107828018066582239e-03 1.309257705874056731e-02 -9.345113054038850162e-03 1.155367653067055972e-03 9.999928272427881515e-01 -3.623907201156034968e-03 -5.979363426197622289e+00 -1.308846921184131200e-02 3.638721232152319213e-03 9.999078023596535969e-01 3.093742533127008869e+02
9.999384403494760987e-01 -3.169354982192386654e-04 1.109087790471360337e-02 -7.648376990852665674e-03 3.657106610620048802e-04 9.999903322817952356e-01 -4.395874464140737264e-03 -6.013030123009913908e+00 -1.108937832300455929e-02 4.399660050695600177e-03 9.999289125828290103e-01 3.109587988910977856e+02
9.999588395120155848e-01 4.589900609699034914e-04 9.060966845699257310e-03 4.627546406107246532e-03 -4.217982715144619850e-04 9.999915427711496552e-01 -4.105920693657442132e-03 -6.048533949379609531e+00 -9.062775766320363413e-03 4.101929934507230098e-03 9.999505996827194876e-01 3.125707218100922660e+02
9.999592768111496000e-01 2.135874623918941097e-03 8.767854481318814938e-03 3.393736784777869921e-04 -2.123477622515894652e-03 9.999967942976157875e-01 -1.422795363017546931e-03 -6.079686118698497843e+00 -8.770866281340812184e-03 1.404119211027784553e-03 9.999606301717515189e-01 3.141744176900902517e+02
9.999540875256943684e-01 7.008939836709388244e-04 9.556364318337083608e-03 2.182389382289161642e-02 -7.176753993091924575e-04 9.999982671960326863e-01 1.752900260326974982e-03 -6.110220695973747063e+00 -9.555120111013540654e-03 -1.759678027732058383e-03 9.999528812659408405e-01 3.158183913689838960e+02
9.999546324306186618e-01 4.570043539959059431e-05 9.524888535844504636e-03 3.111445358862958283e-02 -6.849243606068606193e-05 9.999971960871123500e-01 2.392747436647632304e-03 -6.147191048659299106e+00 -9.524753430841505220e-03 -2.393291147991102093e-03 9.999518552253361392e-01 3.174347377200986102e+02
9.999528075433911090e-01 -1.068641157595967908e-03 9.655734049806302330e-03 3.795971992529537792e-02 1.052674657579274640e-03 9.999981313898037572e-01 1.658676627478707652e-03 -6.177570103559329340e+00 -9.657489479881355143e-03 -1.648433882046858659e-03 9.999520874031156970e-01 3.190822553123671241e+02
9.999462368661893308e-01 -1.564831312820791007e-03 1.025022864866598042e-02 4.527900019747792271e-02 1.550653987578351489e-03 9.999978912356587424e-01 1.391083142177344323e-03 -6.202242472237246673e+00 -1.025238474998821370e-02 -1.375113672469956963e-03 9.999465781772803874e-01 3.206836106644898337e+02
9.999420052826601957e-01 -1.770892393073641167e-03 1.062273592164341210e-02 4.313180624766730503e-02 1.753730435162643118e-03 9.999972032195740823e-01 1.624838079348090141e-03 -6.230892109309115412e+00 -1.062558450913895364e-02 -1.606114310252458989e-03 9.999423377823645209e-01 3.223120715842582058e+02
9.999375603294374804e-01 -1.892390869138915873e-03 1.101302892914301362e-02 6.027348611567730219e-02 1.873144583494245306e-03 9.999967618000115133e-01 1.757792719939315186e-03 -6.268369635957025565e+00 -1.101632055744130104e-02 -1.737053847389682200e-03 9.999378905032885179e-01 3.239431301045671603e+02
9.999355693881891716e-01 -8.721376301046416830e-04 1.131763919034015770e-02 6.357484362873935813e-02 8.590986406706999567e-04 9.999990226506859647e-01 1.157048832805564458e-03 -6.298627289368393001e+00 -1.131863807580220024e-02 -1.147251192752790248e-03 9.999353648039779330e-01 3.255675557688880417e+02
9.999294246872532099e-01 -3.199473388588922854e-04 1.187584893749490944e-02 7.450953679480126768e-02 3.147369525860662645e-04 9.999999144007185592e-01 4.407414736487422712e-04 -6.325684519756827662e+00 -1.187598974133391265e-02 -4.369724756518234194e-04 9.999294632430031360e-01 3.271905663616960283e+02
9.999205068515788497e-01 -9.060460504886781036e-04 1.257583267103525547e-02 9.112578096807084915e-02 8.878387366876346748e-04 9.999986106856211254e-01 1.453438717852398657e-03 -6.355298682863203652e+00 -1.257713284595726212e-02 -1.442157747899357580e-03 9.999199455199395681e-01 3.288215627595888577e+02
9.999177158717081904e-01 -2.296658434510232081e-03 1.262059242367900153e-02 1.019138307116995990e-01 2.263455743966372603e-03 9.999940024230664637e-01 2.644617760745925170e-03 -6.393157086633380004e+00 -1.262659127652645923e-02 -2.615833881491034813e-03 9.999169406224578394e-01 3.304425849007316742e+02
9.999162088415527450e-01 -2.931588778854212624e-03 1.260847292598118660e-02 1.273960844448901730e-01 2.905939076708330838e-03 9.999937328483451404e-01 2.052291382786796542e-03 -6.426803728619044698e+00 -1.261441114350490660e-02 -2.015479845224487331e-03 9.999184846829078932e-01 3.320728169435959103e+02
9.999183833984277570e-01 -1.994936725747423634e-03 1.261900459329619480e-02 1.351607180744962278e-01 1.970529366537838219e-03 9.999962252405877328e-01 1.946441663627479285e-03 -6.472038078751258361e+00 -1.262284074936977259e-02 -1.921416563401357478e-03 9.999185634779892418e-01 3.336828819634409911e+02
9.999233732612965442e-01 -7.562422388143839186e-04 1.235589788970479705e-02 1.428083948699831462e-01 7.539712934601926512e-04 9.999997590390162783e-01 1.885833654232598551e-04 -6.483455935328014341e+00 -1.235603830390491487e-02 -1.792527976482909211e-04 9.999237259533214628e-01 3.353031333066767274e+02
9.999287215395811224e-01 1.405846255859330343e-03 1.185613550504044725e-02 1.485349522788559640e-01 -1.375042430468413884e-03 9.999957207139882343e-01 -2.605748014113979261e-03 -6.532502134272557548e+00 -1.185974885531675821e-02 2.589259725067022920e-03 9.999263991065120427e-01 3.368979038777541177e+02
9.999346060646988610e-01 2.385516508361385391e-03 1.118415930552118208e-02 1.513797896015703914e-01 -2.358120047515052664e-03 9.999942500018152991e-01 -2.461979285023846963e-03 -6.561959238789499160e+00 -1.118996893493170650e-02 2.435444829497251853e-03 9.999345052266913614e-01 3.385132782496179402e+02
9.999418607978003415e-01 2.946287276283336178e-03 1.037241199221909313e-02 1.673020924825274203e-01 -2.952513344267849397e-03 9.999955311773571776e-01 5.851480640726222779e-04 -6.605708501121373644e+00 -1.037064252409497338e-02 -6.157386067684263078e-04 9.999461146375969722e-01 3.401367911103898791e+02
9.999489055881088939e-01 3.828722261684940759e-03 9.355191910915083495e-03 1.648057982415711276e-01 -3.861004044449503451e-03 9.999867068704964002e-01 3.435234607351407565e-03 -6.628145781319284779e+00 -9.341915955767823507e-03 -3.471179408305429415e-03 9.999504193001652608e-01 3.417475121884660325e+02
9.999563377195304081e-01 4.374240939408585369e-03 8.257190119939498626e-03 1.670805422112076055e-01 -4.398425605531317006e-03 9.999861444121503906e-01 2.913235547382155358e-03 -6.659528773214040243e+00 -8.244333548005295179e-03 -2.949426871340731556e-03 9.999617459604842606e-01 3.433450422080132398e+02
9.999678137962458857e-01 4.535565172594555050e-03 6.617593131534720355e-03 1.822407043821601680e-01 -4.545124561767316905e-03 9.999887087955886544e-01 1.430464549971730264e-03 -6.693355410467641597e+00 -6.611031574773668616e-03 -1.460496173064970921e-03 9.999771611147738604e-01 3.449592032488189943e+02
9.999814235030179965e-01 3.722841002312332788e-03 4.825517768491112414e-03 1.807137406146374359e-01 -3.733239145596177651e-03 9.999907856317956645e-01 2.147948712550503628e-03 -6.717132086420749104e+00 -4.817478071929691408e-03 -2.165923502810683000e-03 9.999861310128078662e-01 3.465472634510265948e+02
9.999891724238912927e-01 2.218479482533346377e-03 4.089730956302954114e-03 1.684198002300304198e-01 -2.230832947029948252e-03 9.999930157808106790e-01 3.018920979092150694e-03 -6.752057774086573261e+00 -4.083006262999193739e-03 -3.028011679325233376e-03 9.999871607885325586e-01 3.481322563953476674e+02
9.999925905527193848e-01 1.454268073780170005e-03 3.563209031005130228e-03 1.733913128431973927e-01 -1.463416835497946804e-03 9.999956961263997135e-01 2.566758865996496448e-03 -6.791564484571902760e+00 -3.559462256005118362e-03 -2.571954186366317771e-03 9.999904383625569659e-01 3.497272074683097003e+02
9.999940015630512935e-01 1.271595915882994159e-03 3.220620485096116047e-03 1.698621126356199551e-01 -1.276948551259608246e-03 9.999978663211700480e-01 1.660983706831564190e-03 -6.819723010991470602e+00 -3.218502849372302348e-03 -1.665086184927112335e-03 9.999935151108221287e-01 3.513273863336360137e+02
9.999942791073384019e-01 1.214161031441166570e-03 3.155959459828344086e-03 1.634527540441571558e-01 -1.218410249020383373e-03 9.999984138056449146e-01 1.345352768444877788e-03 -6.841352535509321875e+00 -3.154322318760532495e-03 -1.349190198638134264e-03 9.999941957195581654e-01 3.529209530778971953e+02
9.999946317491832382e-01 8.924034373868640867e-04 3.151603224495235552e-03 1.569520751979530671e-01 -8.962784314839065741e-04 9.999989043626001939e-01 1.228849270944635174e-03 -6.872180249862834600e+00 -3.150504482085815430e-03 -1.231667260939697675e-03 9.999943594108783307e-01 3.545211462898494688e+02
9.999952416194434202e-01 1.412006063248761472e-04 3.080472954346348807e-03 1.622013410072843664e-01 -1.434063042970711043e-04 9.999997941988462147e-01 7.163449174678721259e-04 -6.911115794717106020e+00 -3.080372515776341399e-03 -7.167831382805803708e-04 9.999950795196039799e-01 3.561173408917663323e+02
9.999957782148842789e-01 -2.319979762745277537e-04 2.895210129564854129e-03 1.524367857513403701e-01 2.313976299431233204e-04 1.000000012599567611e+00 2.082538714449735690e-04 -6.946677097425969727e+00 -2.895259835115235499e-03 -2.075829153505316920e-04 9.999958679494771463e-01 3.576890834268713206e+02
9.999952605840281006e-01 -4.603778199864715591e-04 3.042921881750539417e-03 1.535013255558684842e-01 4.599453714660099854e-04 9.999999450076210161e-01 1.433493500410251904e-04 -6.978132573436942820e+00 -3.042989054780136007e-03 -1.419489603842144596e-04 9.999954407918437704e-01 3.592725907669546928e+02
9.999944624472985044e-01 -7.292411329884637130e-04 3.245888679865504764e-03 1.409311096284639742e-01 7.308610279587624426e-04 9.999996702744432531e-01 -4.974007712361158250e-04 -7.004658561398962924e+00 -3.245526217109005133e-03 4.997704452618371334e-04 9.999946891487605516e-01 3.608661556922780278e+02
9.999937332333352913e-01 -1.300760064527888438e-03 3.291508411883417411e-03 1.407753388398662042e-01 1.305708225313098516e-03 9.999980819472910065e-01 -1.501113886430066819e-03 -7.046391625552089089e+00 -3.289550838652336839e-03 1.505402367942589026e-03 9.999935370570024462e-01 3.624739254911465309e+02
9.999901807926467878e-01 -2.717690504833510101e-03 3.499283467640799082e-03 1.451561007008076443e-01 2.720172855342340226e-03 9.999961133201112906e-01 -7.043588892076899912e-04 -7.073490238770122396e+00 -3.497356954490292002e-03 7.138707658532900948e-04 9.999937101901077430e-01 3.640564085267765790e+02
9.999784448583942664e-01 -5.705351781781004515e-03 3.248274129315277016e-03 1.351769209125042448e-01 5.703155838620722895e-03 9.999835630479960713e-01 6.853961309553623397e-04 -7.118970600437719121e+00 -3.252132496421999888e-03 -6.668558092691180246e-04 9.999945702222871047e-01 3.656403302825340234e+02
9.999710767408626078e-01 -6.903651608244166203e-03 3.190263384663723223e-03 1.360412874179145470e-01 6.902655036033608117e-03 9.999761850324782042e-01 3.237943866453944363e-04 -7.153768382125861081e+00 -3.192424108340770512e-03 -3.017635971968405132e-04 9.999949394389657797e-01 3.672242147506844390e+02
9.999808851845034541e-01 -5.023894294546795043e-03 3.603089954089980056e-03 1.233850775419836898e-01 5.025040678615916648e-03 9.999873878055296483e-01 -3.087326149888136020e-04 -7.186643500265041951e+00 -3.601494781898894812e-03 3.268325244317184198e-04 9.999935419555501248e-01 3.688138321004469731e+02
9.999881134178100206e-01 -2.768532354247115780e-03 4.012575151299923974e-03 1.284641363082013599e-01 2.768649946988929311e-03 9.999962280677442417e-01 -2.334593355401905307e-05 -7.207566212674352712e+00 -4.012496668169300215e-03 3.445520609775836092e-05 9.999920300785528626e-01 3.704316502659673347e+02
9.999876738051320935e-01 -1.655136298257029945e-03 4.680306640454316713e-03 1.218144585531854840e-01 1.652267211383754266e-03 9.999985056198659183e-01 6.171604086691634579e-04 -7.238580938817845478e+00 -4.681322376655095048e-03 -6.094195539672710767e-04 9.999889376219892601e-01 3.720302997075846179e+02
9.999858321954563367e-01 -1.732223876035555478e-03 5.032625265085213968e-03 1.246607702609632967e-01 1.729244035093586681e-03 9.999983878774129087e-01 5.967190462877182367e-04 -7.267593227296740288e+00 -5.033652027082028031e-03 -5.880078247549033526e-04 9.999872389846101717e-01 3.736232572937285568e+02
9.999849189685646733e-01 -1.605465860392770415e-03 5.251363926930093656e-03 1.175210511241441547e-01 1.605053443036058092e-03 9.999987695094550988e-01 8.305870453416240454e-05 -7.305139288056182068e+00 -5.251492023606006872e-03 -7.462860041158608131e-05 9.999862888061564759e-01 3.752337441461569938e+02
9.999836490614278928e-01 -1.462378992778778095e-03 5.527708910067106844e-03 1.121898317798011302e-01 1.464302442764683215e-03 9.999989299223009942e-01 -3.436394643700346340e-04 -7.333386432241860042e+00 -5.527201657196826289e-03 3.517282162235829744e-04 9.999847438173931069e-01 3.768379694643762150e+02
9.999827922686157500e-01 -8.419188140045940748e-04 5.805070925802778038e-03 1.191279849387944512e-01 8.440928430871230724e-04 9.999996356988567481e-01 -3.717848542836579774e-04 -7.368451379125811052e+00 -5.804756974759881644e-03 3.766786079456621561e-04 9.999831620823854683e-01 3.784481602220863579e+02
9.999822849674363523e-01 9.992138815797943973e-05 5.950821582897699094e-03 1.095765169676692213e-01 -9.814616965981017255e-05 1.000000011739039962e+00 -2.983325689274611884e-04 -7.402720804374951058e+00 -5.950852630180453358e-03 2.977433648900643429e-04 9.999823299641490415e-01 3.800482140693804354e+02
9.999790609648253614e-01 1.292393328635601775e-03 6.340336248029407144e-03 1.017065680973320563e-01 -1.293145993637260897e-03 9.999992183444800231e-01 1.148692414353394816e-04 -7.436998444418619236e+00 -6.340183980098300365e-03 -1.230656881278130064e-04 9.999799740298508377e-01 3.816669533448367702e+02
9.999762997430821088e-01 1.323995687159232630e-03 6.755701279844014522e-03 1.035890178898150465e-01 -1.321981347062204997e-03 9.999991415195085276e-01 -3.023847398807657009e-04 -7.462074032498207998e+00 -6.756096954831276175e-03 2.934467918760159813e-04 9.999772150313978036e-01 3.832768432785229038e+02
9.999707565256584774e-01 3.107032636227544196e-03 6.987485760839948212e-03 9.745605996539302707e-02 -3.102134345804304777e-03 9.999949963027539024e-01 -7.115050705336188478e-04 -7.506844767554846420e+00 -6.989662571116573957e-03 6.898082736808940074e-04 9.999754148582095103e-01 3.848927009111208690e+02
9.999634908179289017e-01 4.291529861213642591e-03 7.388661624436650317e-03 9.602207470959314706e-02 -4.285094426509405627e-03 9.999904871569038622e-01 -8.863782778962920814e-04 -7.531955210859743843e+00 -7.392396335519031692e-03 8.546849331830242130e-04 9.999723913835752986e-01 3.865052200389110340e+02
9.999529130392590393e-01 5.897527503787639708e-03 7.706062234717362368e-03 9.088940751725776979e-02 -5.896564253317812011e-03 9.999826652870360544e-01 -1.475020108214310569e-04 -7.571162302245191711e+00 -7.706799610434556490e-03 1.020558989696135913e-04 9.999703777430921647e-01 3.881241873792559431e+02
9.999468328291181152e-01 6.318021317063185656e-03 8.149027187918246595e-03 9.076216614380429315e-02 -6.321056975175717331e-03 9.999800227601309821e-01 3.470155788810487790e-04 -7.600712899314803650e+00 -8.146672975522559201e-03 -3.985074720682023840e-04 9.999668166747081033e-01 3.897477613740618381e+02
9.999399474517859376e-01 7.211924786468303442e-03 8.251191167040674429e-03 1.022617686538286746e-01 -7.215059124044004464e-03 9.999739707958995583e-01 3.503579994564175095e-04 -7.637465137898479028e+00 -8.248450667910677339e-03 -4.098696703665816784e-04 9.999659777251275194e-01 3.913713774292273797e+02
9.999333689655133250e-01 7.816167158176351090e-03 8.494568056101096942e-03 1.129846011424204821e-01 -7.818787971156645339e-03 9.999694558941983891e-01 2.755538969855619402e-04 -7.667262870117434126e+00 -8.492155835244220505e-03 -3.419526421756379918e-04 9.999639632991961236e-01 3.929780327446832757e+02
