1 0 0 0 0 1 0 0 0 0 1 0
0.9999975030080680005 -0.001897277602114399954 -0.00118081130143960736 1.209441222274489025 0.001900764939842112004 0.9999938149205940263 0.002959258893742487337 -0.0392068366563749493 0.001175189462409989083 -0.002961495949219250697 0.9999949242228532986 -0.01183816286315009236
0.9999931075503544209 -0.002114671386756311264 -0.003051723564039776366 3.690545216507217674 0.002146993838330133863 0.9999412224510013658 0.01062742022577608386 -0.04851533445213312978 0.003029070689741976668 -0.01063389900850559427 0.9999388705929145305 -0.01612019401951925168
0.9999808495794136887 -0.005769516591714761097 -0.002239007086180387802 6.152129787897423263 0.005805124171920088456 0.9998513231537425883 0.0162367521708844699 -0.09489669884317969428 0.002144995986622588117 -0.01624943894440852507 0.9998656683406073054 -0.03270125776599974721
0.9999656960586583709 -0.008141254598720466112 -0.00152534569248615067 8.612371498719934237 0.008174108748779693873 0.9997034810746813216 0.02293760827391350815 -0.1026056416999742149 0.001338152489777028184 -0.02294928976511462562 0.9997357348055490034 -0.03776343752220978622
0.9999372504183674515 -0.01119290527485635942 -0.0004627064547700404304 11.06915072780081033 0.01120121846031334537 0.9995889410535344632 0.0263909383781244615 -0.08538996429452128112 0.0001671249817613014812 -0.02639446523386521776 0.9996515914428680816 -0.06485138018606551036
0.9998813204876622063 -0.01534081935680411263 0.001415698170783540695 13.52382990970668786 0.0152967489768305008 0.999514341239754911 0.02714942221850327048 -0.08306362480239803947 -0.001831505006460699145 -0.02712454455876869494 0.9996303840279618935 -0.08781573846867107846
0.9998181195837416713 -0.01890494963731148906 0.002516074569968865596 15.96909369681866764 0.01882894871629149994 0.9994468909125009404 0.02741136508047009243 -0.07063976352467313258 -0.003032893382595636643 -0.02735900445093473674 0.9996210714231585914 -0.116471553275730999
0.9997417526631474649 -0.02256749744945705377 0.002671336910020076071 18.38898436326127594 0.02248761060926629876 0.9993854893343095958 0.02688774957315304831 -0.06249507500350021116 -0.003276484564910987426 -0.02682073389919312906 0.9996348897882689766 -0.1434056029905699248
0.999666610812872225 -0.02562164369518110663 0.003193524739648691355 20.81212417303225948 0.02552631937372047688 0.9993100440129170092 0.02697856471595090622 -0.03124668275376807358 -0.003882556520694151973 -0.02688805142175822865 0.9996309111094977551 -0.1745410458185792102
0.999574247771045088 -0.02897513466597969115 0.003429980180366793991 23.25790166151672977 0.02886917489599131331 0.999199053788959235 0.02770959487385701164 -0.003292842746625279648 -0.004230122193747131408 -0.02759877675435923675 0.9996101307949459835 -0.207738543105005613
0.9994606371181071758 -0.03268213581108293797 0.003211362684772744742 25.68350706155769103 0.03257750168388295203 0.9990624355807502521 0.02851238670290214688 0.03027707003179797018 -0.004140197519904558615 -0.02839239000656968576 0.9995882807207230325 -0.2333894691213316275
0.9993382893415667656 -0.03628320836560648688 0.002551910376347972 28.0754178185241372 0.03618819370529382379 0.9988755231013624059 0.03062848323583203247 0.07410721704923328712 -0.003660340451250553625 -0.03051586701500540871 0.9995275802938623499 -0.251547960656523184
0.9991641970942031215 -0.04081429767084763377 0.002258395610134243323 30.46201541767315391 0.04072002996273374475 0.9986466622799120563 0.03235309996005653055 0.149717383768676604 -0.003575808290512602888 -0.03223409720818599944 0.9994739499217789591 -0.2755681840258061843
0.9989383777848831469 -0.0460132070547596625 0.002214083341200706514 32.85407345803334067 0.04590788893509324675 0.9983339195042469916 0.03495498391947468586 0.2434463266181641772 -0.003818785412812543585 -0.03481623103989583967 0.9993864352362140657 -0.2929237955910781732
0.9986451810578137467 -0.05198726251909032564 0.002264262744828967125 35.22207670648899835 0.05186514094318680351 0.9979417990105445835 0.03771170829518504658 0.3396831971607173206 -0.004220130916192314612 -0.03754317945205156576 0.9992860952558487719 -0.3024069849775035124
0.9982907131158811342 -0.05843694943233865985 0.0008803678934752107643 37.55500990192626887 0.05835087650891290084 0.997442229836684624 0.04128163452510152237 0.4257179281764350565 -0.003290488903972182098 -0.04115970213041819648 0.9991471621354424126 -0.320905414561868163
0.9979258611974215487 -0.06437268894225575688 -0.0003639666579272753414 39.86645598742697416 0.06433009803680961314 0.9970256187333882414 0.0424447178795996638 0.5363860382728964371 -0.002369396538987004943 -0.04238009565406768847 0.9990987506009568753 -0.3337222171141667193
0.9974356449951460313 -0.07156009256550005526 -0.00113456825890809773 42.16920137720769191 0.07154562926473308215 0.9965775919657057225 0.04140442156278349023 0.6871202480513023403 -0.001832218936270418224 -0.04137941932715325649 0.999141825082864421 -0.3481277711286079324
0.9967595108272516713 -0.08041106368989650588 -0.002130354824262868998 44.47028033309847217 0.08043176697660013585 0.9959549021919068545 0.04005700514181191607 0.8160765091636067448 -0.001099289061051966472 -0.04009854905315973772 0.9991951250518547045 -0.3655822777052937234
0.9960343315434684319 -0.08895611394449234877 -0.001555692338026400936 46.7600006079205528 0.0889494315024964427 0.9952816311801687688 0.03876175009884273021 0.9691843928951429099 -0.001899742650675183926 -0.03874641179821602249 0.9992472699740662101 -0.3729199246303015469
0.995126880900595201 -0.09860115662437719808 0.0005502920930629032724 49.04166758107919577 0.09851723462202982562 0.9944812380576700805 0.03607522188028256666 1.144646398445535063 -0.004104313764879443695 -0.03584520977227956956 0.9993489258236587514 -0.3923617364196940738
0.994183265281319728 -0.107687225190115643 0.001759706062517285606 51.31957846631655684 0.1075691698993214152 0.9936382520310607092 0.03334513139618883182 1.361496383735821158 -0.005339355929703517786 -0.03296188149228587716 0.9994423473351249365 -0.4092917441251691102
0.9931581882156039764 -0.1167752252727244644 -0.0005999523343388024708 53.59120070542522285 0.1167349662226002532 0.9926521340256887482 0.03185417516204856747 1.588196590110870332 -0.003124234515429940955 -0.03170627030652686112 0.9994923469351538747 -0.4301867013436422305
0.9921580494764933311 -0.1249354032166027917 -0.003681016449984880583 55.85031003224272439 0.1249892562449198968 0.9916538556664693527 0.03162777837861658475 1.827989863492688105 -0.000301135089178608355 -0.03183984241371196761 0.9994929383205907181 -0.4580564270572842211
0.9911213144261601382 -0.1328526173731132132 -0.005359304737911227412 58.10082559694624393 0.1329571504295310735 0.9905829606318906633 0.03267712128412327 2.113134384408737354 0.0009675948633941797248 -0.03309954928501947224 0.9994515914226705933 -0.4724664495620201077
0.9899494534195626416 -0.1413606129137306155 -0.004154129386945895792 60.38491460314032366 0.1414212759891257665 0.9894532900201075121 0.0313402228133829383 2.405676415993096118 -0.0003199561166698658638 -0.03161271872268156535 0.9995001418924581715 -0.4734941234239875563
0.9884234409888124073 -0.1517068822847832954 -0.00203055934819469262 62.63187438183007316 0.1517064345082261845 0.9880614314213457261 0.02682844509848902881 2.696821979130332725 -0.002063742386277003359 -0.02682591293939992974 0.99963799015560173 -0.4874599739097906781
0.9865461868835744275 -0.1634827513845643066 -0.0001055708874409334771 64.86547373456275523 0.1634514018121854539 0.9863439420772835975 0.02023035276696238255 3.00070977193671462 -0.003203184526536255548 -0.01997543309109908391 0.9997953398979773088 -0.5006067786185098845
0.9847838379496105521 -0.1737834873464982333 -0.0003033791762477816654 67.06539467381432473 0.173762436630378353 0.9846342069656178753 0.01738085410624238755 3.322994299283324349 -0.002721787925028887941 -0.01716910011847535764 0.9998488955195244943 -0.5141463682994925621
0.9827614387366367943 -0.1848515311577278719 -0.003141012725104095141 69.28583329462247775 0.1848782024925931244 0.9826258744367349918 0.01632302455274679126 3.671747117796348547 6.910429392189326096e-05 -0.01662234388061449228 0.999861836909735846 -0.5442414965831005036
0.9809736753847504431 -0.1940386643690345247 -0.006296422159880473747 71.50628953644370256 0.1941246246329590142 0.9807945407077373057 0.01891293285060426446 4.060223231878813621 0.002505656250769499986 -0.01977537983907969379 0.9998013082802867935 -0.5587365803129473729
0.9792049107616942472 -0.2026904488735406518 -0.008621176000124049568 73.70658708580413077 0.2028366313353516248 0.978953994488158008 0.02250283680352701057 4.471279130991530515 0.003878624589871958357 -0.02378357860209697958 0.9997096066659401092 -0.565627738722286999
0.9776454063820042562 -0.2099787095391018321 -0.01088121870285308802 75.92455010393956627 0.2101943437674401727 0.977326050053572426 0.02553683094781578414 4.92770696506498318 0.005272307686487909435 -0.0272531360943221064 0.9996146604290492288 -0.5687717715460598455
0.9760849500967756498 -0.2170972738189437257 -0.01126693813586825133 78.14089930426445108 0.2173246052831893094 0.9757481110250001421 0.02618472397505615737 5.392482152349438174 0.005309061412422756872 -0.02800709787761821584 0.9995936255976188844 -0.5617763352932763077
0.974320705267215037 -0.2248972674188768062 -0.01097189113684943207 80.35991031943134999 0.2251004869779048845 0.9740496366636793857 0.02360245914442426346 5.88078341548125838 0.005379038009414937628 -0.02546614267760944142 0.9996612133754199103 -0.5659932072309070694
0.9724260063308542978 -0.2329070756675676312 -0.01191454218202929287 82.59274452204415695 0.233122407505807927 0.9721976237876664984 0.0220391338375835362 6.379159746523163754 0.006450219385529080973 -0.02420897365847672275 0.9996861108689475417 -0.5701042549865992237
0.9704148902996561077 -0.2411471677571966343 -0.01195759873004835667 84.83817099034264686 0.2413644197846922801 0.9701738749507001769 0.02249153674478738055 6.901536534041126103 0.006177179510524190287 -0.02471226104235982671 0.9996755206603136212 -0.5709860153187994447
0.9683425864037984443 -0.2493449123469646811 -0.01182159225682243194 87.07486914069620809 0.2495695312364180629 0.9680394230788963439 0.02479363715778938604 7.430602298083905488 0.005261600064296894155 -0.02695904396973433995 0.9996226915756771803 -0.5738322384676874943
0.9662985426368148056 -0.2571672952179696048 -0.01149385784850096709 89.27443079234852519 0.2573932417398522854 0.9659098786700303085 0.02769161234556806461 7.970773015033848274 0.003980653792761874171 -0.02971680598450875468 0.9995504318629756524 -0.564913026027741294
0.9640764765782257051 -0.2653825830296355215 -0.01134160187241958252 91.51126216859576346 0.2656000134677559132 0.9636908775076322708 0.0275050078076272235 8.542935676585893034 0.003630448242535828755 -0.02952926062549441136 0.9995573233249156475 -0.5760361194695476916
0.9615665846743934875 -0.2742635417814087151 -0.01300818538997514442 93.68995541853279008 0.274530520134035283 0.9611642912782288883 0.02821699286876592008 9.116423179043755098 0.004764110888562777396 -0.03070366136371079774 0.9995171776544433673 -0.5770339980429211035
0.9591426234635349601 -0.2825255943567226979 -0.01499054331464198982 95.89732502850446849 0.2828535294047502258 0.9587342965286881347 0.02867803275884787256 9.714314319403129616 0.006269669749171058806 -0.03174645166033581573 0.9994762898879664403 -0.5848134985531485697
0.9569147826440571603 -0.2899637869336121887 -0.01533300441516988882 98.10167898205463644 0.2903007178732450733 0.9564996129801390801 0.02887877371224042283 10.33849770789115041 0.006292214201332679661 -0.03208570765875291136 0.9994653147580868646 -0.5842074229368001692
0.9546973814015461413 -0.2972008317518259335 -0.01498584502300964912 100.2712634158257003 0.297516270228603108 0.9543160180485985578 0.02765875349916775347 11.00783961760317453 0.006081027404280595246 -0.03086427225595601148 0.9995050864321894935 -0.5779252231741618395
0.9524346890756556494 -0.3043322482250542249 -0.01581283452272832027 102.4810936631207454 0.3046499114684879106 0.9521426989319984324 0.02475302633481926001 11.69053356845898861 0.007522930785386103963 -0.02839301957830012851 0.999568527891722125 -0.5719131796704839399
0.9495694128937314238 -0.313109062339966826 -0.01675246779555151361 104.6817410959696559 0.3134167494395141418 0.9493865995332556595 0.02085727205198559253 12.38514863910097219 0.009373967539042224462 -0.02505593157854068762 0.9996421004666162791 -0.5685073414571498729
0.9462285478918408543 -0.3229665881795714677 -0.01855041978353214743 106.8728814148850432 0.3232794309365814578 0.9461425593998232797 0.01745470783691363548 13.07727225353507805 0.01191405421417299562 -0.02251311200165409879 0.9996755549177857025 -0.5670488456074993522
0.9432794568229013743 -0.3313641275731948332 -0.02053487992532536735 109.012138005661015 0.3317039724443180959 0.943244981144460759 0.01616725735691846091 13.79172446377885386 0.01401217329864069133 -0.02206174298284761109 0.9996584109064493573 -0.5487675225853942962
0.9403508948275323132 -0.3395748941762199435 -0.02071438732544147662 111.1746601886876107 0.3399317912492906268 0.9402939873369255963 0.01713460463723375654 14.51056238932334352 0.01365913229704082167 -0.02315401959130767087 0.9996385944338369578 -0.5273672236607760411
0.9374467496820328982 -0.3473494470772108822 -0.02327988672111320351 113.3524721022807569 0.347830712703779299 0.9373139896250615166 0.02136071518304392611 15.24180127830075548 0.014400930892582018 -0.02812199260909623022 0.9995007587396425031 -0.5104270644276013291
0.9341962344454647349 -0.3556643356852188798 -0.02793341850733950527 115.5049969256692748 0.3563542471691379943 0.9340014266467853155 0.02555358186804021492 15.98810388077854405 0.01700135501750243625 -0.03382625228076051316 0.9992831123281366024 -0.4947575083924304895
0.9312172510286219618 -0.3633120351442206131 -0.0289619838074169772 117.6383114211762404 0.3640947393158101564 0.9309094658969293556 0.02902735099946205169 16.77567617545203404 0.01641499891101787234 -0.03757567594679216832 0.9991589545151927654 -0.4652210554724186542
0.9282459730350193228 -0.3710178791072293869 -0.02655460274685796096 119.7732477850968706 0.3717153261727096925 0.9278766656657033707 0.02953996617148800519 17.58649533293805689 0.01367954065698710753 -0.03729110746370947749 0.9992108103256008844 -0.4419605483627567777
0.924850991960534996 -0.3795253994830007915 -0.02472071635052624367 121.8940067038730461 0.3801313093373696606 0.9245128694794408908 0.02785932210853979407 18.42560586613560503 0.01228130005624319086 -0.03516283996151435554 0.9993061314506027637 -0.4139689499167658049
0.9213701604075975604 -0.3879917216335047048 -0.02322609425510412107 124.0011482149961353 0.3885214698113330645 0.9210737075501669313 0.02596714761830905271 19.27473476412642484 0.01131790643711929473 -0.03294919124437879071 0.9993929436363966357 -0.4030849708649050234
0.91810957002241389 -0.3958057064733676578 -0.02031403840640086042 126.0974460762268734 0.3962234045846508845 0.9178337983945938916 0.02425143673888099233 20.1424668327109373 0.009046053979853592442 -0.03031437361500730412 0.9994994785690102246 -0.3868163167708374983
0.914691011272886989 -0.403797140187097281 -0.01697714561712052733 128.183555990221663 0.4040990746889839835 0.9144514521530088258 0.02196541578847132845 21.0027494232590648 0.006655203384583715728 -0.0269520172153248222 0.999614574241459608 -0.37350274939650141
0.9114633940424867742 -0.411068803781335701 -0.0160287204209231364 130.2727559906063846 0.4113305477842102986 0.9112704932245729861 0.01983100193598221275 21.88247045011831915 0.006454593720123847495 -0.02466833468285174399 0.9996748528816171708 -0.3689550900313840476
0.9088567765943911247 -0.4167891955682941352 -0.01631337169279786434 132.3448667762975504 0.4170457356159076312 0.9087026580499676376 0.01823002077645962185 22.78208490622515825 0.007225928524388623188 -0.02337190001814047971 0.9997007253405904015 -0.3632834564589868531
0.9064960348464217166 -0.4218988295976940917 -0.01631920316102707796 134.3995995608916587 0.4221398709868422472 0.9063847704483217749 0.01626582990674973334 23.70721558824072517 0.007928942610914173003 -0.02163389663095901042 0.9997345179524581571 -0.3544303623805995507
0.90413788003975748 -0.4269518966241699909 -0.01570897343040421681 136.4397158843558486 0.4271545902995809163 0.9040827800842059503 0.01316369025807324726 24.6461141921384197 0.008581949848971285807 -0.01861195111312567013 0.9997899506459105856 -0.3545665759873131151
0.9012410808739722556 -0.4331248723406350698 -0.01293673471254846649 138.483180094172468 0.4332723260505108587 0.9011779294091298853 0.01238672776213615469 25.57191816489297764 0.006293299920876220359 -0.01676855705724348763 0.9998395920698098793 -0.3379676827277908746
0.898066444249527307 -0.4397351400884423889 -0.01047226262125942886 140.5173834791373508 0.439839012086830905 0.8980009888616392599 0.01165621936987845143 26.52460647655086134 0.00427845293199463541 -0.01507416912854779752 0.9998772245958963412 -0.335794513607243994
0.8946575950774907637 -0.4466406656405399467 -0.00999516714898020589 142.5392834530309472 0.4467269712737364507 0.8946216941395870315 0.009329389659006150429 27.48529286062107602 0.00477500856071054209 -0.01281172006370592809 0.9999065251923573427 -0.3293525670144923367
0.8910463212505623787 -0.4537751412022081876 -0.01116129977894646935 144.5201655144327617 0.4538525381820374682 0.8910587410781185547 0.005673934613712988684 28.47937397035286722 0.007370683249313815522 -0.01012132279865065806 0.9999216128543495508 -0.3296620481050591689
0.8873936137724030004 -0.4608877000660878687 -0.01072856764657691836 146.4996940180267018 0.4609585217772891874 0.8874055961595095354 0.00534313631511704884 29.47234425824789028 0.007058005160934328372 -0.009686889726704023956 0.9999281717856393081 -0.313508432094360634
0.8835739798263714251 -0.4681935264241569583 -0.009583526923805582576 148.5055273105691356 0.4682639443392008771 0.8835591728578238158 0.007215711378095966515 30.48199037324825156 0.005089263766088682195 -0.01086323493764481361 0.9999280421715398548 -0.3181603032364448413
0.879580269444298235 -0.4756381856884831505 -0.01033759736417831122 150.4721297378873146 0.4757182863562082753 0.8795659379917215581 0.007474807760450946116 31.50619840839252461 0.005537294520653162841 -0.01149247752710913506 0.9999186273540864311 -0.3202662567429341856
0.8751393418879583885 -0.4837551223582158277 -0.01058838382845368742 152.4245351426373531 0.4838175896839588264 0.8751583199366722576 0.00429592341942893613 32.53751579709299335 0.007188337242746788321 -0.008882377936611179567 0.9999347134537712734 -0.3206560002842673285
0.870102919848464329 -0.4927992765685531018 -0.0083535552124573767 154.3778965811265209 0.4928187219796086871 0.8701319493987449416 0.0003128928334493438269 33.5721685517823687 0.007114501919458263504 -0.004389037371773276373 0.9999650594962742334 -0.3087469669547513451
0.8648403177897042715 -0.5019921653341608003 -0.007422308840520265225 156.3055063985335664 0.5019827546028914345 0.8648716513459731026 -0.003215708224142718123 34.62452416320653015 0.008033604838220848379 -0.0009447969147912009319 0.999967283740869739 -0.2957450182066752031
0.8594302288978272752 -0.5111893676439761558 -0.008069204693159982497 158.2323967259604558 0.5111571165383739235 0.859467672584458775 -0.005807064183294317894 35.68314226568395497 0.009903730044964005955 0.0008661350965594395625 0.9999505817495137894 -0.2934451532319022338
0.8538547677178338624 -0.5204242677173984699 -0.009519307555370308191 160.1322719426546541 0.5203937239985413354 0.8539078185096851126 -0.005639992106434417625 36.79790204915750707 0.01106379991025206212 -0.0001380537586566289612 0.9999387847627001502 -0.2745155626542854499
0.8482237373305303585 -0.5294796047137771966 -0.01295529317189900165 162.006851566025091 0.5294792013796240093 0.8483146637050955619 -0.003742545832212792935 37.92191113385366918 0.01297176685818364657 -0.003685042069365644223 0.9999090727308778126 -0.2707201194454362803
0.8429168533939885855 -0.5378878839536436196 -0.01295386275397294659 163.8498727634500085 0.5379206368674275263 0.8429947627649803099 -0.001103803857452784329 39.08042617279152608 0.01151376118036068728 -0.006037735228222126764 0.9999154859570860143 -0.2369865313476415825
0.8373053380476601637 -0.5466786943007094779 -0.007885180693245430125 165.7132334675647201 0.5466821817452000021 0.8373380403607516564 -0.001896925703455124273 40.25750051241756466 0.007639570616322864313 -0.002722381767455750706 0.9999671122583534411 -0.2290846731697344651
0.8313758785485836356 -0.5557080365031218383 -0.001651282354961504861 167.5381155954830774 0.5556956512195977416 0.8313717236254732912 -0.004837393062065281461 41.43683953801979669 0.004061007657950798169 0.003104081483271582762 0.9999869363621443075 -0.2136278674490403873
0.8252022290000494698 -0.5648302186177077688 -0.00284699659686202429 169.3767344768204453 0.5647986134502356315 0.8251941540426479538 -0.007558728631856887793 42.60593861869094923 0.006618723293913508082 0.004629499985009588245 0.9999673795838779355 -0.2134074898228961459
0.8206513619083484201 -0.5712851688867054412 -0.01282957552148574973 171.1784481204354336 0.571293059449324736 0.8207390976184414377 -0.003402038432606467166 43.80942223822201242 0.01247326833686250754 -0.004537559978122718274 0.9999119101833128243 -0.2140226288390187914
0.8171968391554347289 -0.5759502607388400364 -0.02169385233721341302 172.970854883685746 0.5761508914170165863 0.8173339623840081281 0.00391717411331301852 45.03873403723952151 0.0154750248382261469 -0.01570003466617552607 0.9997569867311442149 -0.2115246744723466854
0.8139450059476809329 -0.5805008141804314237 -0.02263475267561085302 174.7590375679790213 0.5808222544587577918 0.8139502310454134193 0.0114249773113233085 46.27882150743216982 0.01179135353875310904 -0.02244607130378186224 0.999678517256797794 -0.1840278205106216092
0.8100305325594736594 -0.586098195579188519 -0.0184239371534621714 176.5019496448489065 0.5863491960105889911 0.8099375062251613633 0.01399486861326715639 47.55503059551939771 0.006719870471320548745 -0.02213913161318682016 0.9997323152685736458 -0.1570498009888736668
0.8042664266390501249 -0.5940816026009039241 -0.01491859351263168272 178.3060964886893203 0.594243257017598614 0.8042114443098588028 0.01090432621335186286 48.79887761136605207 0.005519644043754096466 -0.01763525707758689318 0.9998292510411153078 -0.1504249771000338853
0.7992606573349206878 -0.6007240007451746244 -0.0176939697428820028 180.0547809388375526 0.6008996201089203959 0.7992961900055245428 0.006726603571468318249 50.08661247671128081 0.01010189039267938779 -0.01600860928887971879 0.9998208220671993551 -0.1495615040738784707
0.7946791194246070056 -0.6066003947453463274 -0.02282670027229530274 181.7886440070458889 0.6068798123442616932 0.7947566283758926708 0.007667791179787729165 51.38669712374033338 0.01349038618887236397 -0.01994649712037476277 0.9997100313256349624 -0.1371076544592715329
0.7906780023925938927 -0.6118518281916097701 -0.02157862069369156227 183.5145709745227123 0.6121530225040291429 0.790651425151494891 0.01178986620330696282 52.68536283584008117 0.009847516013642938076 -0.02253140573721798198 0.9996976353797512038 -0.1184387266835726926
0.7862646968102299239 -0.6176700540570178033 -0.01647819380629919964 185.2888718635482519 0.6178651666437259271 0.7861919061089559513 0.0120383809994314521 54.00887993033614976 0.005519275155129362183 -0.01964665594872067045 0.9997917515721934656 -0.1110439389085682294
0.7816199518249603573 -0.6236388442316129765 -0.01203506853344193071 187.0293611172844521 0.6237402693365847739 0.7815884666881864895 0.008218585519074898121 55.33560602853533084 0.004281041587205581221 -0.01393056730602196258 0.9998938003495476678 -0.1089439247170154168
0.777820581044909698 -0.628361885889255456 -0.01250935908260066357 188.7760985653383443 0.6284447041966048086 0.7778441548080043955 0.003965425357151031692 56.74573403260042426 0.007238609687022851819 -0.01094582992374351985 0.9999138919612425846 -0.1105138092808723993
0.7742490772372063734 -0.6326818017040406472 -0.01587778919949196441 190.4721382308561317 0.6327710524800040925 0.7743385405009701739 0.0007872980218358286873 58.08024942101564392 0.01179667498418355762 -0.01065657014973524046 0.9998736300012923683 -0.119410500988731183
0.7711920701198190509 -0.6362673920485680812 -0.02065421990833790633 192.1553912113633373 0.6364394672417507115 0.7713229386931916842 0.002393487567440491428 59.43928392463600829 0.01440817550367858718 -0.01499099934669701796 0.9997838138403934982 -0.09598364889442079217
0.7680626501416909502 -0.6399580256229793207 -0.0230974218920779184 193.819294600331574 0.6402069182605620856 0.7681873901676969929 0.004820311053925556595 60.82121893661341261 0.01465835149791874445 -0.01848943017187659396 0.9997215980978317873 -0.08318166935003823426
0.7645623918081747572 -0.6441641672858261503 -0.02229068454582173661 195.518975475394484 0.6444452513729999055 0.7646038367025647098 0.008443392831613126537 62.2098098749696149 0.01160461181401868311 -0.02082062642372245823 0.9997158768870132439 -0.06352083926498064415
0.7611015465865270668 -0.6484032920685721679 -0.0172512787420079465 197.239702738271319 0.648596198301615301 0.761071766316441245 0.009630060470424058397 63.61349850051355048 0.006885298271554879043 -0.01851856772566935413 0.9998048086087111264 -0.0406325856255538298
0.7575193886181946779 -0.6527040252634509487 -0.01190929353089050825 198.9147527750637892 0.6527897875588329901 0.7575195094026372367 0.005448498259290466238 65.02299171752756024 0.005465265447372385198 -0.01190160826427081112 0.9999142376195638837 -0.04021079249435777214
0.7539873933858673993 -0.6568320025139601226 -0.008644714494207525121 200.5930799160252036 0.65686213414415906 0.7540101662040481489 0.0008977686364055804296 66.42679851113409484 0.005928519441319455088 -0.006355291845759127554 0.9999622307481363936 -0.044734126059862378
0.7508590023360610655 -0.6604510667571157345 -0.00389191858633945514 202.2670093150168782 0.6604418369776996478 0.7508690869610500362 -0.003492021735415383205 67.84638526745081322 0.00522863083574557231 5.163009586015328961e-05 0.9999863292835140527 -0.04284034691997762323
0.7487450734082858883 -0.6628468552478694598 -0.003855066125314592345 203.920624518807216 0.6628159971189192534 0.7487504141541305724 -0.006911676154927274413 69.30894618360645154 0.007467865161706091839 0.002619883972185560288 0.9999686831085755623 -0.05720846324187367493
0.7474789343700550814 -0.6642664220765361893 -0.005036186518007537694 205.580491440428915 0.6642188083064711757 0.7474898327227139649 -0.008504391106976524894 70.78820002147456592 0.009413679670476649344 0.003011723394708903587 0.9999511548857050736 -0.06713301602251031674
0.7466956132859954298 -0.6651617140442985798 -0.002356961837209315628 207.2612114509848595 0.6651458291136248535 0.7466959257471057487 -0.005120594244940504525 72.22798591832111015 0.005165957045875605932 0.002255801924714825098 0.9999841119965240388 -0.06206537310217541403
0.7475295374650781088 -0.6642187506171732814 0.003611363427793924229 208.8956203147124313 0.6642213150020714885 0.7475357342037957098 0.0006089214325907519633 73.67979667074173733 -0.003104080244652116221 0.001943557808102530909 0.9999932936119528826 -0.02721902685111721176
0.7491278955871174539 -0.6624078578974195164 0.004819320384550188768 210.5430409585824236 0.6623927447201225505 0.7491433798462761029 0.004477518804040296792 75.0938188692064017 -0.00657630560112373256 -0.0001619513819146180895 0.9999783627541100062 -0.07497368066079079796
0.7514641527043677272 -0.6597676352809616063 0.002880040984942662096 212.1823799094125604 0.6597236089526428149 0.7514535969158008255 0.009069259771652873198 76.55327962819326615 -0.0081478212306922565 -0.004915192577443037482 0.9999547259206885697 -0.08909593783748692708
0.753624156896266717 -0.6573039134333572564 -0.00148173127955963024 213.8284878409665737 0.6573045247420310488 0.7536169820168668876 0.003493732880752689791 78.02343965870983311 -0.001179786439947820304 -0.003606910171184355383 0.9999927991255602722 -0.1359761711991001043
0.7533348590412853873 -0.6576162067151646307 -0.00524545696814681002 215.5077669611901001 0.6575580895110038071 0.7533440173312065946 -0.009494760129540782273 79.43629623628163472 0.01019554176518068164 0.003703541121231623129 0.9999411656248970992 -0.166024618818558789
0.7532411435852961468 -0.6577397012674820465 -0.002502995581067719161 217.1610580328099616 0.6576319537453567676 0.7531772281920632306 -0.01562934246812434924 80.89383242114055861 0.01216523831991684658 0.01012661391998266429 0.9998747214862145904 -0.1390522754215062218
0.7530806887658181292 -0.6579242522691898243 0.002270348878142175019 218.8360828308593113 0.6578797509307927616 0.7529789205618953041 -0.01473019024592521313 82.31515677857480284 0.007981824555770853161 0.01258663837053107352 0.9998889273370769049 -0.1099143732189247213
0.7535396857853575714 -0.6573944444438306611 0.003238265105235766435 220.5095442587596324 0.6573891331587616849 0.7534839962242683153 -0.01006951034950486455 83.71624537359905105 0.004179659229707506987 0.00971657595524750943 0.9999440577354462567 -0.07578889773322705636
0.7544833087508344693 -0.6563150372183260695 0.002347069981954988047 222.1660473976614867 0.6562990738861231854 0.754427279983167498 -0.01053588313414190875 85.18916182002783444 0.005144164908895837614 0.00948952782316247849 0.9999417415175163582 -0.07554167074249784619
0.7544056057121375503 -0.6564068538393857954 0.001491409662770232973 223.8465622816274561 0.6563587208360481817 0.7543183977383682848 -0.01403511367561553758 86.62417397596989588 0.008087747063896569624 0.01156706817218983684 0.9999003906796568586 -0.07008765779175685218
0.7539704465666954292 -0.6569073390904609511 0.001146103445715604061 225.5371912389304043 0.6568102643893027892 0.7538265866621206568 -0.01859445708243668074 88.04310238694218071 0.0113508720754097632 0.0147724436173079926 0.9998264512467657239 -0.07959989825714708367
0.7544001918224243486 -0.656412636527527682 0.001673674182468024626 227.1884231934194247 0.6563035119647968596 0.7542229313430350857 -0.02033396220595258194 89.50370807252585337 0.01208514629464624637 0.01643838323251912981 0.9997918427331450308 -0.08427919138946715627
0.7539538092381680157 -0.6569219698488375503 0.002679377759695617759 228.8796724640766911 0.6568324432945207292 0.7537691602130851543 -0.02007970486363160056 90.91611504379066844 0.01117116694918077018 0.01689907221072308591 0.9997947921385719194 -0.06859829619551893742
0.7545131386053898215 -0.6562770653738351223 0.003215141699944212318 230.5357545600479909 0.6562088020549722289 0.7543419285314665323 -0.01892783571901410569 92.36125552113821868 0.009996588289114779688 0.01639110501871791567 0.9998156829630365783 -0.0646750846915298272
0.7552927565502198792 -0.6553745414363785216 0.004130658522203876221 232.1984801940122338 0.6553086119035209656 0.7550889529796596111 -0.02028044016194249441 93.78885410408659595 0.01017226955261353767 0.0180245256563982062 0.9997857977622061076 -0.07434109127716737042
0.7564205385197514397 -0.6540702931322175395 0.00447443263715338168 233.8533389546701073 0.6539964417931093399 0.7561867940482092099 -0.02168378723939790725 95.24450577356134318 0.010799214204815933 0.01932832504451435091 0.9997548663665168922 -0.07479870539993638268
0.7568060322222722736 -0.653623289469929758 0.004607065713608639659 235.5224166576676623 0.6535485208533844403 0.7565642560913627968 -0.02201947536332966859 96.6480025805134062 0.01090690067500126557 0.01967541276394087213 0.9997469268020953148 -0.06117266972382751078
0.7567387801943685766 -0.6536884254763776214 0.006153125072137581239 237.1880534365111259 0.6536373869616486365 0.7564654090932456665 -0.02276513148076483514 98.04462379357353541 0.01022667667852741706 0.02124917042151861987 0.9997219052519106253 -0.05347073352606934726
0.7568851300541467042 -0.6534841942418657679 0.009127309514686422071 238.8427307645475537 0.6534793121113434688 0.7565294765036549851 -0.02505872749345420744 99.46658006900671012 0.00947040365575386317 0.02493108616095911223 0.9996443129420743423 -0.04345625855118662173
0.7568783137892483026 -0.6534785322906038196 0.01005116664185849024 240.4836147932146275 0.6534874593526994735 0.7564871909499359948 -0.02610115701322709286 100.875490538144561 0.009452966957421007205 0.02632371106043844555 0.9996087752974702756 -0.04539087046538203829
0.7566142996864955172 -0.6537824039252063679 0.0101670953419440227 242.1343700756113151 0.6537848285019250971 0.756196125351803583 -0.0270706118074173982 102.2723124789207674 0.01000997155951898268 0.02712910467924968885 0.9995818186365136304 -0.04439594502577048907
0.7565646151128724295 -0.6538095821064998647 0.01195882539529432437 243.7962135136235702 0.6538478627973342006 0.7560862292536171259 -0.02857597327135480772 103.6781787741649623 0.009641341943400515146 0.02943882264579796015 0.9995200849641590057 -0.04746448802160374569
0.7563361070220497862 -0.6540600514324852455 0.01269418508078490326 245.4526917730542266 0.6541200863733482862 0.755851118240841946 -0.02856570771033459938 105.0547210477827207 0.009088774265759304305 0.02990879760544651322 0.9995113095949152981 -0.03644491656793724665
0.7565637299389380566 -0.6537723445397792821 0.01389402950341406956 247.0773977555517433 0.6538578718997031247 0.7560283099634943493 -0.02985092776671688722 106.4637709041957834 0.009011431388685032379 0.03166884981653915465 0.9994577920330725007 -0.03169283723268523367
0.7563973854096754934 -0.6539784165530696525 0.01323729685949718259 248.7472574463061221 0.6540369241789749655 0.7558478952174376708 -0.03049034446960117301 107.8716978101934103 0.009934644226768077693 0.03172049775947622524 0.999447403751682506 -0.0428002356643548687
0.7566392767171969957 -0.6537243003392301244 0.01189722971372118507 250.3891891577008266 0.6537541684651754226 0.7561415663637101048 -0.02924754402410787574 109.3053797736891681 0.01012384034267874156 0.02990770407468833214 0.9995013942429979981 -0.02466667348987106045
0.7569946614110754091 -0.65331116943807932 0.0119832584291842334 252.0323327755913283 0.6533354588698121468 0.756471353857550266 -0.03006441378601928949 110.7231024570756261 0.01057642560146467708 0.03058768837905676344 0.9994761290501751327 -0.01720214828802624218
0.7564602380636347156 -0.6539388251578974742 0.01148569457272421816 253.6910871643386827 0.653957421981636422 0.7559699385071407818 -0.0291400464763126206 112.123993572349633 0.01037296793791227072 0.02955444170710402885 0.9995093478860217484 -0.01612016484106160163
0.7559684336824789019 -0.6544469899290666914 0.01452117930622803636 255.3526412005585655 0.6545367526538635738 0.7553726257437207714 -0.03152515983102797958 113.5169905491249409 0.009662644617008135303 0.03333667124685500693 0.9993974683023689742 -0.01628138993200689555
0.7559544405171516601 -0.6544396646466742462 0.0155437833087296879 257.0252719235810446 0.6545775585095552351 0.7554038880824561764 -0.02988621363735912209 114.9614639867928645 0.007816889283466571872 0.03276722763763573881 0.9994324414560863401 -0.001101702117157987715
0.7554746670024281574 -0.6549351779944250218 0.01783087611367699735 258.7297771469747545 0.6551414038546110596 0.7548657197438406463 -0.03110443876720522458 116.3882269515551968 0.006911474009202199682 0.03518036072902377964 0.999357080200063419 -0.0006465350200079988952
0.7554591344662220376 -0.6549339036811449022 0.01852236379416467502 260.4161975086585699 0.6551539806112178788 0.7547897475199800699 -0.03264504139989391623 117.8444311784946734 0.007399854108194336283 0.03679699509065392782 0.9992953633993684193 0.006566866233712387313
0.755467536379074045 -0.6549121303437114294 0.01894473557465985863 262.0897331771928407 0.6551296842457945413 0.7547072707967971139 -0.03495757752555736508 119.2965518941474841 0.00859641188739969711 0.03882057360616029962 0.9992092197170474588 -0.004177425298093728756
0.7550242713612553835 -0.6554695985870747643 0.01726137258460070864 263.7960017484390391 0.6556280003221998109 0.754301896726156107 -0.03435947887900354242 120.7240897657930958 0.009501307747820340877 0.03725927969543030294 0.9992604621557178435 -0.005527211349538596608
0.7551487792120806786 -0.6553337874852179779 0.01696903753262172729 265.4886082489103956 0.655472437050711787 0.7543955375589329604 -0.03525985221139384118 122.1763279793158432 0.01030560630458188069 0.03774917073854500149 0.9992341039952785664 0.00397294009614390653
0.7553093789956776272 -0.6551390550658637846 0.01733668159052220367 267.1768614788050513 0.6552916496021753412 0.7545517906183529799 -0.03527675206559117982 123.6608898342798426 0.01002975387653539004 0.03800544437372712497 0.9992271965049448479 -0.0003821324859356600712
0.7548634807491850784 -0.6556552581802744806 0.01724261731241709047 268.8684796551011686 0.6558111092001853715 0.7541347254595432981 -0.03453411220347149535 125.0948071357468052 0.009639215779690032612 0.0373764401276659719 0.9992547659343614663 0.0265221702359019762
0.754475416039118163 -0.656097052585819962 0.01742137138113772701 270.5627164570001923 0.656253684025630557 0.7537235704074669584 -0.03509817110631524573 126.5271237885139044 0.0098969083752206196 0.03791354639729967169 0.9992320121994652249 0.02670551086752892544
0.754129786331426244 -0.6564653948985474941 0.01847838381492815721 272.2455698077073407 0.6566540879560623933 0.7533346626976427096 -0.03594850134318262891 127.9440686189548018 0.009678540091846852406 0.03924374190776301619 0.9991827933780522697 0.03103469319333984622
0.7544758492731256094 -0.6560658305348000541 0.01854235336409467555 273.8752265523626193 0.6562511777471695673 0.7536549317918190827 -0.03658736792010880423 129.3793899046869171 0.01002918586171189751 0.03977272671758372291 0.9991584186906496967 0.02440280531261063146
0.7542367189984545695 -0.6563118518354724706 0.0195377801896501474 275.5184447586590863 0.6565343326931668555 0.753395291710422077 -0.03685382508921117989 130.7745040544618007 0.009467930586165204318 0.04062373159694730035 0.99912965661197084 0.05176499404111800651
0.7549420129484072373 -0.6555052206649417679 0.01937686162444508114 277.1085635155976661 0.6557180362176300292 0.7540853942955053624 -0.03727029767907695523 132.2050853964433372 0.009819066366092291456 0.04084267120547058899 0.9991173415292620152 0.05371503665997479082
0.7539183189565703547 -0.6567141129601792304 0.01826861189648320768 278.7792924941356887 0.6568885496764452769 0.7531025509486621861 -0.0365237054335147554 133.5519705517997124 0.01022749459425693029 0.03953633257578310217 0.9991657904275853541 0.05287510483666313377
0.7536411713763332409 -0.657023550439003734 0.01857522476402959088 280.4085424606979586 0.6572073428544707996 0.7528125207631128912 -0.03676706515964740102 134.9452098029692309 0.01017316591206321626 0.03991694816507908306 0.9991512117515106706 0.0537467829651703255
0.7539081223516105323 -0.6567286310199392796 0.01816723013961012156 282.0139837818982755 0.6569165594626371618 0.7531633328989995046 -0.03472215258653055248 136.3444870536113456 0.009120140132725737189 0.03811166717879597293 0.9992318669201919468 0.08978688679114865678
0.7537701527419576886 -0.6568522537629926106 0.01938230022064400468 283.6212618948408704 0.6570757021693541811 0.7529639641780531134 -0.03601097427065570039 137.7484294163866991 0.009059716000856060658 0.03987963610351574067 0.9991634181505220091 0.08339180498082865434
0.7535560194652966004 -0.6571056071868905946 0.0191192711985955395 285.2430658982040654 0.6573222884970914004 0.7527693591453178401 -0.03557669148324830305 139.1263103416187619 0.008985241931308254187 0.03937655311851885609 0.9991840433533455412 0.09377225111544351677
0.7531008989358203287 -0.6576280520664856688 0.01908877045016484433 286.8634818039997754 0.6578389999941869348 0.7522971977040168179 -0.03601078190391988898 140.4932070560582247 0.009321271839591622685 0.03967708988727886715 0.9991690759973355096 0.1110986805726570381
0.7530520823356154914 -0.657677749771917064 0.01930126278099860218 288.4371618451198174 0.6578947511135512238 0.7522363108783930441 -0.03626332931907964852 141.859561772880113 0.009330474116137462554 0.04000637512963742953 0.9991558598145510173 0.1080260250854079285
0.7528666774410004425 -0.6579340503620687564 0.01773559621527883226 290.0387433501526289 0.6580971472169724334 0.7520972623852101302 -0.03546621966822851441 143.2229662532668897 0.009995540197067746477 0.03837308023647899996 0.9992134886446106812 0.1086056844628306983
0.7531546114870854014 -0.6575956466398694689 0.01805814818937309663 291.6113742748599975 0.6577696050288935892 0.7523746113936758961 -0.03565937226520680958 144.6122277308502362 0.009862955737041503856 0.0387351216663523526 0.9992008368959776066 0.110592022509747423
0.752690986144413432 -0.6581126282443658937 0.01854852884310468145 293.2031809629517056 0.6583021772140016381 0.7518941312328426552 -0.03596468952895100213 145.9592618765047973 0.009722286369757056693 0.03928083454945630743 0.9991809111391403153 0.1285439975450213268
0.7527743469731432713 -0.6580395606680158327 0.01774032510983053826 294.8047583773222868 0.6582005512265739489 0.7519965358487601392 -0.03568255086872013787 147.3378060394074964 0.01013986706974337806 0.0385376006947658542 0.9992057027601968233 0.1373469874056905127
0.7530260074830484873 -0.6578060983624460789 0.01558746327391681216 296.4201746480919724 0.6579071347756652033 0.7523413537258349937 -0.03377409488428552431 148.7122456242000794 0.01048971236090460307 0.03568787512803070494 0.9993079312721537821 0.1391280178833234071
0.75377243177447939 -0.6569440932452614845 0.01586125615924353568 298.008949662804639 0.6570730587869630934 0.7531483314084574943 -0.03197790351164964823 150.0973536111550857 0.009061816215968748409 0.03452606619378352504 0.9993627140533363207 0.160779258232946809
0.7534940505170342195 -0.6572531149786396965 0.01628062303193433119 299.6174643434966924 0.6573866389189801929 0.752828606979052628 -0.03304384185873775887 151.4295471457420774 0.009461649234634753394 0.03560100230125488874 0.9993212925925809564 0.1549490373119333242
0.75402227844120151 -0.6565928906271832899 0.01833520090369612776 301.1877556260467941 0.6567781460471969757 0.7532377972828623314 -0.03571116939094187703 152.8236580769416264 0.009636933596636698685 0.03896917656689012632 0.9991939415291470894 0.17244991924915265
0.7542438974262366536 -0.6562796978632282618 0.02032489527231106166 302.7745171329355571 0.6565368137097553625 0.7534065883096341398 -0.03657765623272557498 154.1779736174485436 0.008692263176095676655 0.04093251597675558878 0.9991241032507873765 0.1667674983293856439
0.7544047997593901211 -0.6560997989300547673 0.02016065336084680443 304.3680369056240806 0.65635344789890393 0.753583254951526671 -0.0362274659323993109 155.5346729513501884 0.008576102332376227613 0.04056268852780825496 0.9991401897472549365 0.1614518190698277511
0.7546485865517797986 -0.6557871715551366609 0.02118245592736434091 305.9694533203701781 0.6560660147794713515 0.7537346120543668704 -0.03822981614702680719 156.8989407882302771 0.009104672799360915419 0.0427471661629959046 0.9990444358076621123 0.1604619378088194548
0.7550908293678215699 -0.6553260697471580132 0.01963623472966251685 307.5621334819981598 0.6555461484890561241 0.7542167129854671082 -0.03763505087763134582 158.2636207083082525 0.009853253563155337652 0.04129033982834811461 0.9990986043584886289 0.1646662363006192731
0.7552594348903179933 -0.655143914235279623 0.0192259629052525631 309.1447338456247849 0.6553650462224822615 0.7544643665949102296 -0.03577954343398821735 159.6128730695459979 0.008935446209405620982 0.03962286182266010204 0.9991747527945354923 0.1710046477094318007
0.755688108082289256 -0.6546515402716875931 0.0191531752698440548 310.7452737114996353 0.6548765163866751005 0.754921786505767578 -0.0350691394846389809 160.9868052173258093 0.008498916887652802413 0.03904429636767962897 0.9992013367349392716 0.1915023838541665135
0.7556270407545738754 -0.654678047992453771 0.02060166879832873305 312.3493221321921283 0.6549501754826734246 0.7547971883103326007 -0.03635205845659326279 162.3439545750923969 0.008248812987390807469 0.04096166495159417331 0.9991266681901210811 0.193286298873905249
0.7560881601719728895 -0.654106792194708464 0.02179445921580693349 313.9430392730727704 0.6544217633835144321 0.7552099848985780461 -0.03728316402212954878 163.744966776570152 0.007927777606142091815 0.04245212732288028423 0.999067048414664427 0.1998549633872510611
0.7564699063264078704 -0.6536801473757432035 0.02134351773589461543 315.5564959931483031 0.6539833034246586019 0.755631086223603976 -0.03643487854113768021 165.1090081140085886 0.007688931283781372077 0.0415201933926516234 0.9991080791767976699 0.2078064716064007555
0.7565055375960915152 -0.6535709460695027229 0.02333216750033448653 317.1775779181513713 0.6539396022289074573 0.7555379845712629772 -0.03905573590002212742 166.4738713926978448 0.007897355452736265144 0.04480370881756418761 0.9989645936934121728 0.2098156473396519672
0.7570590828929025795 -0.6529322581479399812 0.02325964916307153921 318.7815285804551309 0.653290761870039205 0.7560500376122827326 -0.03999401307357973445 167.8659982630070431 0.008527922643941912226 0.04547314478126385229 0.9989291604708919747 0.2153927652225413603
0.757206302293632838 -0.6527865210238436022 0.02254714475028919349 320.4040175586904979 0.6531039623987191511 0.7561598911492833919 -0.04095648075941542982 169.2237940094786666 0.009686592068212974277 0.04573813492798863012 0.998906498601051851 0.1886717648309261808
0.7576908967908572157 -0.6522615521139072392 0.02143297819303709162 322.0069563608047929 0.6525427908083895057 0.756716247859904767 -0.03960336335244339645 170.5837479756846449 0.009613068410497574087 0.04399304329986678669 0.9989855860106046093 0.2107592072927502169
0.7582960490276519083 -0.6515755228784931852 0.02089114680124727619 323.5725247758138039 0.6518458272490778027 0.7573807188386287859 -0.03835966930836959277 171.9538332530307798 0.009171669805355012195 0.04270579254738489372 0.9990455924310367442 0.2188109173364407578
0.7588173568540346192 -0.6509227300242276248 0.02226698171875124768 325.1499145164514744 0.6512519434738376356 0.7578836853884335367 -0.03851266731343470223 173.3086037196153484 0.008192988380691679576 0.04372549553581246001 0.9990099879288202311 0.2222720391836872089
0.7584037276631017122 -0.6513752390365696865 0.02311025393118185806 326.752620179591986 0.6517389210482301687 0.757451222121498291 -0.03878175985611620469 174.6105812916187006 0.007756588012824677976 0.04447408320247284857 0.9989804258671431958 0.2362409131332909862
0.7578805037845350867 -0.6519251368217263698 0.02471351782471847489 328.3554553844753059 0.6523421248704047715 0.756802106268841035 -0.04123498595381270421 175.9448056638557887 0.008178881516721815334 0.04737286065902326926 0.9988437905749407708 0.2232371004155568883
0.7583206623003577729 -0.6514734958602793613 0.02306636772301620675 329.9374575193270402 0.651829253165595035 0.7573358811516127664 -0.03950933861624195825 177.2965145702060852 0.008270299022973081823 0.04499608107265434809 0.9989529292425012308 0.2457498957103805282
0.7583585827077382602 -0.6514757365954949586 0.02171692107246545392 331.5332597394361187 0.6517781283246009139 0.7574183795482423154 -0.03876428459542087535 178.6379473153892263 0.008805195692915353603 0.04355184209504740778 0.9990123650780993181 0.2482216015465887882
0.7588586531056515927 -0.6509412453519624053 0.02022473006773287466 333.1109653399432773 0.6512049777842308096 0.7580476786545199408 -0.03599713593514367732 179.9907110401787804 0.008100710815467121462 0.04048718298585423508 0.9991472196318990084 0.2606571049469421641
0.7586428523934756196 -0.6511342150163003106 0.02202853938411800799 334.7185108757421403 0.6514631119223304179 0.7577670562400344867 -0.03721427524197596509 181.3184954883966498 0.007538986454713791051 0.04258312473760968164 0.9990644829893697842 0.2742372336285630041
0.7584137056320843229 -0.6514109647516507229 0.02173490535368792498 336.3228794356372191 0.6517272767048503113 0.7575411760399444194 -0.03718767810575677318 182.6537102932764185 0.007759375508995219016 0.04236887543163683073 0.999071904562613966 0.2776109484580198128
0.7589091709422448595 -0.650832641516251198 0.02176563798131033595 337.8717221914841957 0.651143282027237702 0.7579958913105765417 -0.03813994005084370142 184.0095434273597732 0.008324453768975396267 0.04311729923433982314 0.9990353356994859935 0.2752919318742970134
0.7592335365417964832 -0.6503982503838700024 0.02337847060518249975 339.4125584830029538 0.6507732798996216372 0.758268639928812771 -0.03902317092699184031 185.3148123315613418 0.007653440985938736105 0.04484178406474653711 0.9989647837851769463 0.2664275913688918251
0.7588432031907677011 -0.6507763905078871591 0.02543781690124617342 340.963985738290944 0.6512359123770913305 0.7578016817356167945 -0.04035340864225164109 186.5977282980880432 0.006984225193447250561 0.04718792977231668628 0.998861611977480135 0.2747265313705558043
0.7583184075782443134 -0.6513149903726594969 0.02723923721138921811 342.5097411468261726 0.6518470163153942121 0.7571655833117871826 -0.04237625241617426486 187.8996607528985407 0.006975675502340275037 0.04989050775431831675 0.9987303325659546704 0.286343802576467743
0.7580863252780398742 -0.6515620209623731451 0.02778590048686266703 344.0446250560870567 0.6521055574611017702 0.7568209572137936103 -0.04450146795716777848 189.2023220064705527 0.007966514594449917303 0.05185529443967204499 0.998622833247763908 0.2723977054941635334
0.7574335031736676438 -0.6524311383179858259 0.02506188387098655032 345.5817272435248242 0.6528526655164965664 0.7562873167783964456 -0.04257806487076353646 190.4904506498058083 0.008825270424809111142 0.04861177052145656402 0.9987787594701331706 0.2845008869910847782
0.7568638106947040978 -0.6530700992104792046 0.02562455029666147258 347.0884545584725061 0.6535157013809327342 0.7556985688931697753 -0.04285908330100764163 191.7846826266854805 0.008625549795741123751 0.04918453506977610995 0.9987524625254704524 0.2933405922639178431
0.7566476180868164647 -0.6533116144496206035 0.02585181751400462968 348.5883329137349165 0.6537783834813275519 0.7555430704950033549 -0.04157515988573718541 193.073167352297844 0.007629373243544504066 0.04835910516348181781 0.9988008758564932421 0.2994262676027050762
0.7561368385969045036 -0.6538415453498955809 0.02735534483678295561 350.0898181578760386 0.6543716107100949753 0.7549543430284195722 -0.04291544056867333673 194.3585963691480742 0.00740786159122363598 0.05035050662096574037 0.9987041354023008521 0.303646474376132014
0.7553629937896194635 -0.6547831895966372828 0.0261862986089554349 351.5795408493955279 0.6552520192113033826 0.7541810178839498668 -0.04307880665755459138 195.6197199129071578 0.008458069087735376607 0.04969876140492282546 0.9987284386569372785 0.3012886762012174646
0.7553726234569265729 -0.6548528785230277593 0.02408126288019562383 353.067672494118483 0.6552390588208013567 0.7543150394160277328 -0.04087293855874659515 196.9120422033998068 0.008600902710227559603 0.04665328285234986161 0.9988741140262209495 0.2933189001391716122
0.7548817930199305248 -0.655462754882112586 0.02284853451244578393 354.5711414310750911 0.6558073269113965376 0.7539168504562608897 -0.0390657467283116247 198.1758202790575183 0.008380246794901709609 0.0444742572783802248 0.9989753810295791681 0.3083283094283626458
0.7545022166785183559 -0.6559338523390180198 0.02184459619442531697 356.0728462216808907 0.6562529091943990478 0.7536449453341391713 -0.03676160423853105236 199.4614622293792081 0.007650111181548032921 0.04207229168939860542 0.9990852806797386743 0.3298584534432822402
0.7541664208923004598 -0.6563633724282944559 0.02049714450974955693 357.5558003642435096 0.6566361175894513957 0.7533704282316884271 -0.03552473705820528849 200.7449188385814125 0.00787519368331520038 0.04025072919287864259 0.999158576064826609 0.3248047948368217863
0.7537489774457912795 -0.656816447672486925 0.0213221262147846452 359.0538527736584911 0.6571190179085089067 0.7529293434859659628 -0.03594440179984989547 202.0223666738015424 0.007554819811267246034 0.04110423073951807726 0.9991263017821779835 0.3281524691408874705
0.7532301597462002229 -0.6573970650426118612 0.02175833913867680075 360.5458810065783837 0.6577215757113832328 0.752433825483687091 -0.03529400957272343237 203.288356211336378 0.00683046795240821198 0.04089544157169955341 0.9991400840553875673 0.3349630726552690341
0.75288080781216693 -0.6577135893807209976 0.02415209249790354132 362.0143028432153756 0.6581261929263455546 0.7519842100107214655 -0.03727817161323396938 204.566220311654547 0.006356367860148752491 0.04396114464478238781 0.9990130201099217677 0.3428550641620993211
0.7525323436210643591 -0.6580761774497599914 0.02511606014685254656 363.4617863544895044 0.658522905410937831 0.7515696527789662573 -0.03860880820280717524 205.8362056817580878 0.00653106831424868188 0.04559387782165585934 0.9989387085561648449 0.3448672243327082221
0.751969274893780959 -0.6587343976518943434 0.02472251940877640344 364.9377278487897911 0.659153449199699315 0.7509525031866643996 -0.03983802663062389893 207.0966837587073144 0.007677240641062618894 0.04625290593983086285 0.9989002596196780992 0.3308316724371733741
0.7516639887821863208 -0.6591317917717370856 0.02337796064315101827 366.4087559497879738 0.6594834396212145844 0.7506309736907526009 -0.04043184637689219846 208.3615756877698288 0.009101693986568019229 0.04580854081775799502 0.9989087729891668044 0.3241459709950251789
0.7511737620685943195 -0.6596945086695246152 0.02326229590967482386 367.8815918165425387 0.6600399896874448169 0.7501410466043941794 -0.04044282646727261066 209.6036494319915562 0.009229907535429661414 0.04573363565843654305 0.9989110287589925141 0.3355976263752116218
0.7508891424895394184 -0.6599664764757954272 0.02469302774970410022 369.3270802061945801 0.6603840023121064773 0.7498809226635025915 -0.03964304876744287331 210.8801665547994446 0.007646252779503809674 0.04607441538920967194 0.9989087461149664948 0.357830835529698188
0.7505583283920633786 -0.6603193149529098527 0.025310037167721431 370.7973185814145722 0.6607597340649281614 0.7495127585327616693 -0.04033855023492478181 212.1553756940148219 0.007666128081173449391 0.04700028826220148392 0.9988654580990939946 0.3649302160889360547
0.7498268893932835688 -0.6611159187308708329 0.02617972389902418692 372.2402947039475407 0.6615887132127172832 0.7487250405426489896 -0.04136651077803997489 213.3939691576223083 0.007746643940022124482 0.04833793194837109064 0.998800998118554717 0.357181359900562212
0.7495457566611791744 -0.6614599301100759776 0.02553271489665447438 373.6666815572691007 0.661914655773563565 0.748532472419728645 -0.03959957329786615438 214.6253959122669528 0.007081464776814571857 0.04658217032279249326 0.9988893603721250569 0.3626597253547880761
0.7491730867080053091 -0.6618093611433903956 0.02735060612448970974 375.0744267172173068 0.6623480613129616446 0.7481371247061536778 -0.03982321322256811985 215.8624849076632586 0.005893371476558571798 0.04795010051487258451 0.9988323463090554855 0.3636401541597098497
0.7486861645043398905 -0.6623507987753207704 0.0275761933826108134 376.4785238428491425 0.6628989118134986924 0.7476429347423456662 -0.03993838812886524314 217.081320744754322 0.005836077129355079877 0.04818154720997708945 0.9988215449779770383 0.3822824651264715712
0.7483480298818223631 -0.6627001391158514609 0.02835051653543914016 377.8703467587934028 0.663279282036996376 0.7472480832149025476 -0.04099873354313065404 218.3250582138063294 0.005984997283347112847 0.04948563172765568091 0.9987569033854200029 0.3933821681557434502
0.7485822339249955659 -0.6624880517264247759 0.02709650109496227269 379.2656583805799073 0.6630140517707580061 0.7475504395736849439 -0.03975811172217769834 219.5796706723256193 0.006083272670699147074 0.04772757706940904815 0.9988418654525337281 0.3905819097932154982
0.7488333927348325147 -0.6622300741447186834 0.02645522299131674443 380.6784808234340289 0.6627243256817996198 0.7477941269969299309 -0.04000514690016052088 220.8213178243734376 0.006709551016562856351 0.04748970969778460588 0.998849192520060214 0.39779978509673386
0.7496204151905347945 -0.6614338378893968029 0.0239689637755479551 382.1062865319265143 0.6618210273601657923 0.7486441679125003246 -0.03904916893526463179 222.1159816713552004 0.007884216733773532701 0.04513521846079015382 0.998949774103278787 0.4085661679885763675
0.750536297366129812 -0.6604227194872879236 0.02317537315676856946 383.5421090132780364 0.6607812894442723906 0.7495977862240756906 -0.03835683000887544353 223.4056839843187845 0.007959513572142546539 0.04410204613144514535 0.9989953231475684481 0.4216358074811952239
0.7507893142938371067 -0.6601430647021553355 0.02294645218407457762 385.0087351787540797 0.6605048546386838026 0.7499270719236158511 -0.03664319575041237453 224.6951873545527292 0.006981585845719911858 0.04266756287530264202 0.9990649310917488757 0.4461668703318131257
0.7518841058274999822 -0.6589431284800680855 0.02154634151965340721 386.4757580091821865 0.6592628833015519163 0.7511214573720883525 -0.034481980455806506 226.043455731496465 0.006537744634458888052 0.04013115627702205229 0.9991730321575756912 0.4479093558994169388
0.7531923985692265955 -0.6574691834678303426 0.02086824208408162226 387.9777629595125177 0.6577812735906285457 0.7525503594289981724 -0.03149210435611550507 227.3929358031566323 0.005000685055671988226 0.03744635247163979191 0.9992861271105206722 0.4619483358957898744
0.7543435197502798006 -0.6561640298312705344 0.02036222400296004709 389.5129019127169272 0.6564695322776605835 0.7537943738049859288 -0.02901370729670298479 228.7651114249572686 0.003688821208561443403 0.03525348175055544042 0.9993715948647702296 0.4838874321995672023
0.7562461141402757603 -0.6539866237753543254 0.01983206420537388451 391.0669115163219089 0.654283267932388668 0.7557881782362524392 -0.02641277989990392649 230.161203044562825 0.002284765074815793984 0.03295034994108170245 0.9994543782921325725 0.5116822083674621435
0.7575513345217229633 -0.652578683739148846 0.0160323764188777737 392.6674566239724413 0.6527642620668915319 0.7571649592633173942 -0.02449576763535890947 231.537546045320255 0.003846262162568796997 0.02902216382454755536 0.9995713682745809292 0.5171404317158301289
0.759419567043644772 -0.6504684268478935216 0.01314332017679279221 394.2676203574189344 0.6505892136943497439 0.7591279720033291545 -0.02141021127126857895 232.9725349684833589 0.003949204452903964761 0.02481023571309245307 0.9996843781854600763 0.5484754151722752713
0.760264581429069497 -0.6494752951529754181 0.01340176146770254324 395.8973876600901463 0.6495986936239622755 0.7599458599534607561 -0.02244609501977271049 234.3947948884686809 0.004393571044534248446 0.02577073777660414747 0.999658224398682238 0.5485838757257990306
0.7603322098346800839 -0.6494064177988499997 0.01289322339748269486 397.5775831730398977 0.649520471447862846 0.7600361337996590638 -0.02163868038981865 235.7844017379488832 0.004252982254608299491 0.02482699821831274925 0.99968271581607826 0.5735313014355414296
0.7605565976648619442 -0.6492020065550162533 0.009508755617324291323 399.2659977663981863 0.6492493974701906145 0.7603277562724176653 -0.0194145029899175578 237.2056220413973904 0.005374163473859911756 0.02093938219460507455 0.9997663030129914086 0.560835329756881773
0.7608724384728655643 -0.6488343640596683226 0.009332758844057749067 400.9619191493208064 0.6488861836521526705 0.7606770479096055526 -0.01780869026269445848 238.6750149344420322 0.004455674774980853542 0.01960603985545081654 0.9997978546503718533 0.5707647176476697837
0.7612565915221563007 -0.6483970243839247694 0.008348690564456463098 402.6672238016313941 0.6484327919207579782 0.7610765186453578579 -0.01724665557473076608 240.1690784671390873 0.004828687805185984637 0.01854269496956913177 0.9998164092658939905 0.5806290770178867966
0.7605845614346320449 -0.6492041679549039879 0.00671365900752538599 404.3962559186865633 0.6492129830640384069 0.7604211936965259433 -0.01679615426945011217 241.6284686692279706 0.005798924760766678392 0.01713349022036844346 0.99983639460888174 0.5835676623687113818
0.7601901319471728868 -0.6496769862364802917 0.005547688241423574113 406.1313416773334097 0.649672939053967613 0.7600510746036981402 -0.01573010663483930677 243.0755596758562831 0.006002961862240576915 0.01556205476304238326 0.9998608837735540877 0.5855111373418004916
0.7600189323327882773 -0.6498863046213453343 0.004360454258501253975 407.8512769457232707 0.6498822385454534611 0.7599290748280935759 -0.01268373975088132183 244.5537575267344721 0.004929352784986048945 0.01247366411804161877 0.9999100505468436761 0.601436764324370321
0.7589819916375704079 -0.6510987409238983004 0.004094622959614637771 409.6159153810916109 0.6510952572482238132 0.7589033375817283433 -0.0118612898195179662 246.0289908657749436 0.004615447837031276708 0.01166849495983295938 0.9999212688340197719 0.6085168565183072253
0.7584395197277834511 -0.6517322905613883721 0.003810033424420860432 411.3603151461631455 0.6517366548913786639 0.7583920290813810361 -0.008992379930913540695 247.4968628164314168 0.002971125390358120635 0.009303314755068219782 0.9999523092370370403 0.6232316414187126785
0.7580893819572178671 -0.652145615004172341 0.002566280295142174799 413.0844581631356505 0.6521433845988235944 0.7580564570534769064 -0.007708037592077161652 248.9687817728466541 0.00308137756761881149 0.007516964171784063647 0.9999669996364509705 0.6231822406941607273
0.7566998196589250769 -0.6537612583424515789 0.001264918434027717054 414.7992063479190392 0.6537553129797990525 0.7566810444067908481 -0.006147177086538292354 250.4247224966956082 0.00306164642559966305 0.005478514939526709336 0.9999803059036822539 0.6282569797833055247
0.7554646812060605843 -0.6551893429741136865 -0.0002007570034028103711 416.5065118363709757 0.6551768008160460122 0.7554520468109703346 -0.00596360977651786122 251.8889625113762065 0.004058955860363029459 0.004373765227423542616 0.9999821973690626864 0.6271641074641487457
0.7534262945501140063 -0.6575267792848984438 -0.002711679131689074401 418.230260323019877 0.657513225678575397 0.7534294209862660852 -0.004523897661808422982 253.3276209399495542 0.005017642697472415002 0.001625458559378083548 0.9999860904763786529 0.6336262182430771883
0.7514898860111742795 -0.6597169219145696539 -0.006044349632331234325 419.9126527106542426 0.6597044610442849288 0.7515136888376777735 -0.004147236170704578402 254.7724461239498908 0.007278413369807898783 -0.0008708783793760957025 0.9999731327739093123 0.6266110511799733995
0.7488430571969731941 -0.6627234231663178265 -0.005633833029860395823 421.5569096159454716 0.6627166073092917165 0.7488631460964161324 -0.003269069445563401594 256.1874636202355759 0.006385458820855354281 -0.001285614753891196893 0.999978786330166014 0.6429155679250662114
0.7461729123789391238 -0.6657505184758908401 -0.00149398159784232135 423.1845093225887808 0.6657470507741972687 0.7461740897107334014 -0.002256596954901180299 257.6341872177256391 0.002617100951531158362 0.0006891976792296114745 0.9999963378878786724 0.6549750032234664676
0.7421907061327701616 -0.6701883165694512146 -0.0007589887646827638782 424.8514484881336557 0.6701821192824002349 0.7421879274710576624 -0.003606564898433701604 259.1056854532768057 0.00298038995611347524 0.002168098249855545789 0.9999932082897805552 0.661876744081090207
0.7387341433253168388 -0.6739880566988468713 -0.003459033495399174186 426.4875454205165966 0.6739591475705231094 0.7387373429422567916 -0.006797466338893240131 260.6030392968290812 0.007136728341765932564 0.002690273206667862047 0.9999709143463370031 0.6644188659706542488
0.7341486233846068465 -0.6789839977175058383 -0.002555313296030733376 428.0934687293407706 0.6789539910145702128 0.7341438916666291892 -0.007363722833158808066 262.0682040919700171 0.006875817614917328208 0.003671126820316674214 0.9999696225186021081 0.6932658641211353334
0.7295107198133112814 -0.683917503785771097 -0.008423638934831990249 429.7177201732295089 0.6838893674364661113 0.7295584342554994883 -0.006310634992962097824 263.5567473118102839 0.01046149056371946384 -0.001157161226460586044 0.9999446075623795727 0.6993743343522440536
0.7244939248579432833 -0.6890679258622638415 -0.01714486488166176367 431.3276218700223126 0.6891066140132243723 0.7246461127474275177 -0.004481718785407553217 265.0026654881002059 0.01551216835783480845 -0.008567661753366689198 0.9998429715734956647 0.6963414244593348901
0.7200739240796336649 -0.6936109849545848416 -0.01993352479840708111 432.8772911909312029 0.6937613572160781228 0.7202044042718123151 0.0008917966075637955362 266.4706101132903768 0.01373765242912268827 -0.0144712687009326095 0.999800909825512174 0.72977280909822273
0.7151951586426886776 -0.6986204645527521739 -0.02062356812377625845 434.4162783431621619 0.6987918574036190433 0.7153232601138278524 0.001604233937128132521 267.9301256153355553 0.01363176732707150653 -0.01555892182066802298 0.9997860245429113224 0.7476610914439452138
0.7094412871391588826 -0.7044788334179843403 -0.02006572621086256947 435.9902954300451938 0.7046186234205000787 0.7095861994339501821 -0.0001452648679605271108 269.4236624384627703 0.01434069842556561815 -0.01403562748572861375 0.999798652494465423 0.7751294084009019425
0.7037396624887557461 -0.7102440445850902728 -0.01743228532420516494 437.5496542566157814 0.7103586316371441889 0.7038396916509288559 0.0005503774428441893848 270.9327788818330873 0.01187863202630551861 -0.01277049678507924738 0.9998478946885100971 0.7869802582451872475
0.6977693655367489534 -0.7161543297902317473 -0.01552058121162946253 439.106782575921045 0.7162411662898511278 0.6978528419294184326 5.218033965903888299e-05 272.4837461099997995 0.01079371253075521106 -0.0111528890310112188 0.9998795471635897325 0.8098316584229994231
0.6912516399757375751 -0.7223956662848187715 -0.0177671484421667164 440.6447791381871184 0.722458099139139609 0.69140436846395259 -0.003780774685694167445 274.0315459794397839 0.01501549929620639261 -0.01022255358878584354 0.9998350034775788098 0.8081564006780781462
0.685207036433837402 -0.728052108471002879 -0.02077124388391243456 442.1700202214236128 0.7280884032806403949 0.6854457469236874267 -0.007169730293098746689 275.6211076552002623 0.01945749803560139352 -0.01021055214742647328 0.9997585460475140184 0.8402264218228119308
0.6794398151602145663 -0.7333763203668076658 -0.02281907755136050944 443.6757476137900085 0.7334907283400806666 0.6796847817956931381 -0.004466411812529945229 277.2126138922222367 0.01878534040659152193 -0.01370292379686145756 0.9997296338836945129 0.8721160704316872625
0.6735246875176408299 -0.7388152242693755145 -0.02272794957880319364 445.1366369706370278 0.7390014915634840476 0.6737037223264702446 -0.0002999840066718295855 278.7747836036798503 0.0155335369832545183 -0.01659394200456128232 0.9997416417842857062 0.8940421745940838605
0.6671682932938747257 -0.7445405089449206315 -0.02336448080691635315 446.6161833108017731 0.7447400212857423485 0.6673546600074755641 -0.0002417883763092921274 280.3545674476551426 0.01577241638590513514 -0.01723915039511263528 0.999726984018639131 0.9353307409721642873
0.660722773188826773 -0.7502756415064926188 -0.02306249664904055918 448.0766883489438897 0.7504429432873305217 0.6609321554182338021 -0.002018614489239192733 281.9717769397846041 0.016757262900444405 -0.01597334330153092619 0.9997319873065264595 0.9541823169773115954
0.6540019741689148125 -0.7561789336732226419 -0.02179077905881321789 449.5376853737010379 0.7562897145605976812 0.6542225362472597894 -0.004329054868277070617 283.602184704401509 0.01752955883676708682 -0.01364893164430414432 0.9997531801559610409 0.9703125332228292876
0.6477258095917692859 -0.7614858582630511519 -0.02430150723867677623 451.0072164634991054 0.7616178718739115006 0.6480052382288452595 -0.005237219704337236527 285.2568329744297557 0.01973557272898815787 -0.01511617985344765845 0.9996909563838701773 0.9914588383697853224
0.6421382070986205726 -0.7661350127985814273 -0.02637546489233102281 452.4207461866412245 0.766304320410648887 0.6424571842048689696 -0.005143440825428679392 286.9103469676137479 0.02088567700943991592 -0.01690883282987402925 0.9996388747283634357 1.024362381751112938
0.6371971803891955943 -0.7702113206326083317 -0.02746406512940918407 453.8239440665194593 0.7704367059022450004 0.6375070946580505549 -0.003462146609976264958 288.5699195965935928 0.02017512088084265354 -0.01895325381101583759 0.9996167959110223711 1.057201482392719605
0.6310482045940055684 -0.7752815037124525244 -0.02677225205395689089 455.2205286004922868 0.7754819861116941659 0.6313558363514493177 -0.004182956038994014442 290.2453828490130263 0.02014578603441212479 -0.01812175229718254385 0.9996328072841222934 1.082055425523024583
0.6248567230955692775 -0.7802739144619196265 -0.02695726270488227327 456.6353663730017161 0.7805111524243674159 0.6251364588226464569 -0.002597843695743245855 291.925682773429628 0.0188789974165197022 -0.01941716408115747722 0.999633211330832272 1.116253257199520288
0.6183490454395222935 -0.7854967929150771244 -0.02528332106666603823 457.9983479129613784 0.7856918742664766864 0.61860918009272714 -0.00331074261078591987 293.5925462514977653 0.01824107221801108542 -0.01781770538347450528 0.9996748434662168226 1.152949544483217625
0.6116882422722360602 -0.7906585975375496345 -0.02639083943070629282 459.354806747768464 0.7907975021319333386 0.6120356481944519977 -0.007188599383186763947 295.3079337874915495 0.02183586242393776786 -0.01647262817986667668 0.9996258538238448343 1.173869716741460012
0.6052490656843503292 -0.7955429394417689037 -0.02801785131966872192 460.6722354044060239 0.7956462688516896531 0.6056792552559062681 -0.009982715814621923381 297.0391932856872472 0.02491151040394382066 -0.0162502694439435047 0.9995575748261794624 1.207898238072591557
0.5992172908433945899 -0.8000150368462789485 -0.03024201008778467856 462.0164839496557079 0.8000968060564493944 0.5997443344020354505 -0.01232210578302180178 298.7689139214988359 0.02799534412310599601 -0.01681291683517539132 0.9994666510369029089 1.247545742345439024
0.5928124369688905215 -0.8047552243924700477 -0.03069924083801648523 463.3642027310125968 0.8048810873645810826 0.593331079901038283 -0.01116534040132884618 300.5228441832015278 0.02720017973865208188 -0.01809028569407089213 0.9994663034768564991 1.307258713286105989
0.5863414616215038011 -0.8096075547390882976 -0.027190029292976748 464.6983291007862249 0.8096449922422103151 0.5867874055264769018 -0.01247105659586814595 302.311099273970342 0.02605142838060832064 -0.01470197350359180206 0.9995524873934483745 1.355348566539245958
0.5801991658701002308 -0.8141253886050482391 -0.02384909961233692283 465.9942301847188446 0.81400799119850209 0.5806091643565955973 -0.01685195923668984797 304.1019136239949034 0.02756661365890270346 -0.009635864974926975149 0.9995735250183278575 1.410817781893063172
0.573892625127889966 -0.8186565725515809744 -0.02118185643226542028 467.2759293208301301 0.8185071964958668955 0.5742356240078632101 -0.01730368182717883022 305.8740222426016544 0.02632914940318820465 -0.007407046536774095254 0.9996258857959344768 1.452278950009360248
0.5676444681431700445 -0.8229791243846724669 -0.0220254083616043192 468.5618493091245682 0.822914746709322964 0.567983861634112186 -0.01434059174276464295 307.6451784951336208 0.02431208413091079379 -0.009984675770379048895 0.9996545547412726274 1.507976560643288222
0.561328825717009483 -0.8272255237275254469 -0.02465526947499047106 469.8226363364504437 0.8271643489005112704 0.5617477281174714232 -0.01544764910439923485 309.43905342044809 0.02662873123444563575 -0.01172274919038631021 0.9995766543013412386 1.548996574233355794
0.5553665525481037424 -0.8311516019520399645 -0.02747738858392802241 471.0571245248420382 0.8310534304915780934 0.5558986598685935476 -0.01807970200201394415 311.225250531563006 0.03030161677228357386 -0.01279431627166797113 0.9994589123581449908 1.58966875950464237
0.5497498918276508828 -0.8348022745358956165 -0.02966848269091866899 472.2798707329573062 0.8347400377358785706 0.5503493124076037635 -0.01801953754072749964 313.0403624969432599 0.03137077997420825715 -0.01485923154718447881 0.9993973571115930543 1.629798909315731015
0.5432553087117663049 -0.8391042092248233164 -0.02788898739050327952 473.4940016985128182 0.8389819375800783297 0.5438172676299937169 -0.01928957858081946364 314.8714539995710311 0.03135247950100944481 -0.01291919071118785567 0.9994248928961628753 1.697404882968224227
0.5366962687397187626 -0.8433613290021280129 -0.02643452032150670969 474.7116167130620852 0.8432281425282240894 0.5372131068994225878 -0.01919316086189498671 316.7263618004542423 0.03038774044355192772 -0.01198943364942845272 0.9994662769255905355 1.756135297997708511
0.5286248986301820274 -0.8485174005903108885 -0.02395699154091442476 475.9276904212077284 0.8483180034002461012 0.5290839335963193335 -0.02065808116126626945 318.5708607200796223 0.03020400064974207779 -0.009402771171696657632 0.9994995278833517238 1.824157847077766181
0.521461087170973614 -0.8529586615188836651 -0.02323480807712569735 477.119875086372474 0.852752257214879239 0.5219014101437016162 -0.0207967763113468436 320.4477806166891583 0.02986506958630420067 -0.008968825448756967064 0.9995137006508089117 1.883277680210913241
0.5138040764842866093 -0.8575467588157065224 -0.02487825220560658732 478.293390480552091 0.8573006953681377995 0.5143152365343864885 -0.02270143585514998105 322.3279086703096823 0.0322628069057352071 -0.009664052630987827325 0.9994326977727457928 1.942202975337383286
0.5073024659199170117 -0.8613262094733411534 -0.02759291477639226609 479.4402240819493386 0.8611086223311917864 0.5079067247015562891 -0.02286262342370847661 324.2298469259865783 0.0337068037412058194 -0.01216223158895536442 0.9993577595157444593 1.993916956853272193
0.5001002370388789586 -0.8655122317170556023 -0.02807720893926717379 480.5789333707445508 0.8652787981435200448 0.5007326358790673559 -0.02365224828440335575 326.1199120371249478 0.03453048503804640595 -0.01246611863266105548 0.999325893534873666 2.05634971743806183
0.4927505505342804071 -0.8697050505520673713 -0.02846085016983307403 481.665527257373185 0.8693885112381483093 0.4934306796671729112 -0.02626368006026427379 328.0014302090320939 0.03688511183770176727 -0.01180209334897175735 0.9992498181722638817 2.117114223209834556
0.4859051699868144336 -0.8736141169608521162 -0.02635413490887966032 482.7519576068044103 0.8733397481182336719 0.4864929245962114068 -0.02454218153720188686 329.8911727150351112 0.03426149641893953129 -0.01109094065151357451 0.9993513600824284193 2.19965345015665914
0.4776549603327079341 -0.8782287187700771325 -0.02366551070710454924 483.8632110516726925 0.8778940918026443274 0.478165228028304079 -0.0256900424805079873 331.8066960882198373 0.03387775741647430089 -0.008504835807286673793 0.9993897964859965732 2.278813682593438195
0.4690833794818120017 -0.8828205827563664343 -0.02426111612502146464 484.9390040014326928 0.8824541317869830648 0.4696281629992673512 -0.02690899124856801702 333.7512703912350958 0.0351495147335525171 -0.008786761612964200802 0.9993434366794794466 2.334736268072515664
0.4605979707505925003 -0.8871938043015000774 -0.02714153550313465335 485.9881466064922506 0.8867998222161171951 0.4612682338542080096 -0.02859531000850505308 335.6942876203964374 0.03788911001724856037 -0.01089816709595071639 0.9992225204107689773 2.407126740491353445
0.453350488423939213 -0.8907746889798281442 -0.03152440512787434146 487.01826517511563 0.8903645662995970378 0.4542226080192889315 -0.03054114343448915969 337.6507965504189315 0.04152437505738512669 -0.01422237100648138242 0.9990362608229230723 2.458015342823141047
0.4468481652397376935 -0.8939908802057195958 -0.03327196012985624701 488.0248894431874191 0.8936710962660489033 0.4477737800435859228 -0.02916528079955139213 339.6159003427243874 0.04097180641024313758 -0.01670173687018761816 0.9990207020202337418 2.552700459681940259
0.4402123872048080422 -0.8972105550015023745 -0.03501819734566942455 489.0418270381321122 0.8968495895012651431 0.4412462149853529914 -0.03102565990453728245 341.5924786043342465 0.04328819657662452691 -0.01774817610335705648 0.9989049675930877781 2.642683649837212823
0.4332784983065487427 -0.9005670445998420481 -0.03533753084085188706 490.0473153256218666 0.9000970540872967884 0.4343779025940355254 -0.0337806299730563156 343.5902675477740331 0.04577156462905745266 -0.01717078678199474712 0.9988043491859129874 2.716428858800960633
0.4257649955071549641 -0.9043332242237461793 -0.03009299197281525839 491.0334072683028239 0.9038430391309426604 0.4266194549756479049 -0.03261290006764611116 345.5777484917509241 0.04233118490349022794 -0.01331391007047576583 0.9990149201004466795 2.808903445546313993
0.41786860748970589 -0.9082335114496236095 -0.02230953954030744438 491.9808311422620477 0.9076241078039748444 0.4184190404570601318 -0.03382285493614961558 347.5578914210387325 0.04005378643340468114 -0.006115166627293875702 0.9991788122901064106 2.892970037751799062
0.4096655745753751132 -0.9120018115305364992 -0.02065944754459450236 492.9092788850837223 0.9112629442305382188 0.4101693644152052398 -0.03689090629840720975 349.5357494395544222 0.04211844584168624589 -0.003713254670320231213 0.9991057242652723325 2.964587673086011232
0.4017857032162074349 -0.9154584505702112462 -0.0224515917174180589 493.8431814355196252 0.9146414623621643702 0.4023829630642219435 -0.03897366243578297834 351.5739559918839632 0.04471290662727115534 -0.004876096312105360556 0.998987977738318933 3.041892331703005325
0.3951543808202325758 -0.9182956327512915573 -0.02421045618082855178 494.7336939245427061 0.9175152496339713526 0.3958334112224278778 -0.03849256095828978291 353.6148029161891486 0.04493085807871884801 -0.007002958654847175717 0.9989655532411457761 3.123567019964618385
0.387920236973227639 -0.9213199801709277548 -0.02621800687459481527 495.6525420247400007 0.9206166225700904704 0.3886847406734262877 -0.03727206212796745771 355.6527020277915767 0.04453003474369455345 -0.009678145766246891435 0.9989611651612151366 3.221402475783095909
0.3808231824347065864 -0.924303744741501454 -0.02522481272754610593 496.548442017945149 0.9235830093684910258 0.3815519215199874026 -0.03758398582172191305 357.6995926275715192 0.04436359460350610545 -0.008984355360454613498 0.9989750511562403013 3.306343401538923921
0.3733785306913666169 -0.9274339886585394321 -0.02132298055311543719 497.4179076113808833 0.9265437507502982672 0.3739598775554295873 -0.04087404952163942867 359.7741946116144049 0.04588192197724057925 -0.004495181825063363119 0.9989367560441622107 3.376542334967514769
0.3661065268039844778 -0.9302987829785512863 -0.02258728447931757088 498.288152151960503 0.9293982292919791277 0.3667558656159143338 -0.04134085661007778911 361.8467013432455701 0.04674336766277119304 -0.005857424770974829949 0.9988897577583801812 3.473886445724116534
0.3592843277698021254 -0.9329832868673457735 -0.02137658170067130436 499.1023393037215783 0.9320681886059304366 0.3598853180448016165 -0.0416106914704845246 363.943086225410525 0.04651519760101245626 -0.004974362471321705156 0.9989051967580020452 3.558873126249954666
0.3517237125617778126 -0.9358817933774904452 -0.02038869408011321008 499.9284811435105098 0.9349561462692411729 0.3522873528311054603 -0.0418404778727701418 366.0464886748127356 0.04634042053250563703 -0.004346246631835499509 0.9989162505260817948 3.660516456317976619
0.3439099287133667859 -0.9387912136376688199 -0.01992531377619867136 500.721008952286013 0.9377644591292771947 0.3444684647371014652 -0.04403743856809309853 368.1289156139874876 0.04820560264472657785 -0.003540338737645911445 0.9988311598439855166 3.758546147960884376
0.3362847939632492844 -0.9415850598295462115 -0.01816899707977113337 501.5051073137807407 0.9405569382397811484 0.33676756671757202 -0.04404829095588341098 370.2127169529395019 0.04759394161133793932 -0.002276205815704553711 0.9988641727527227676 3.853178502052070797
0.3280046668951106525 -0.9445511837086223439 -0.01536228660284063435 502.2677881336207406 0.9434130604015823485 0.3283634458351204488 -0.04635994934214419244 372.3226229542038936 0.04883375839260951923 0.0007132979224920955137 0.9988066656001680643 3.950155930091070466
0.3194836909028968552 -0.9474991514602528753 -0.01324874443723039058 503.0224800799430795 0.9463304551739807335 0.3197483965504744896 -0.04711297606399853649 374.4343542944638443 0.04887576963351725201 0.002514137128578103949 0.9988017011685703661 4.051052641667166831
