0.9999999962582232227 8.137513278152659075e-10 -7.656115742981431352e-10 -2.139041617443826482e-10 8.137513278152659075e-10 1.000000061056633971 6.754229727670312846e-11 4.50643937444095144e-09 -7.656115742981431352e-10 6.754229727670312846e-11 1.000000080766252131 2.697696344089450804e-08
0.9999928468287571093 -0.001225413237706304359 0.003577312380426989416 0.0006851136235185759614 0.001219141384875620498 0.9999977772942081344 0.001755339391947416221 0.001705493982927483746 -0.003579456759246224442 -0.00175096545957694979 0.999992141542067503 0.005218806768270509155
0.9999603680408126749 -0.004424248371986623345 0.007725339976342926983 -0.07153265045212289786 0.004397981528961091534 0.9999845621780808491 0.003413983571506947444 -0.04261174750105434922 -0.007740326086198996355 -0.003379872246605514566 0.9999644120439168393 1.661208041521621936
0.999992393454013806 -0.002775123020772648792 0.002739385916544346058 -0.0429641420245913952 0.002776039127016460828 0.9999961533781455136 -0.0003300801826466433718 -0.05450170135989196307 -0.002738460729600066413 0.0003376824506087651554 0.9999962741628126706 3.809451019928429272
0.9999923218386275181 -0.003831493746560336606 -0.0008175768658182494325 0.02634901621533802807 0.003832097214669229462 0.9999924478191951627 0.0007358356975689648357 -0.09331123697094928504 0.0008147497601509212954 -0.0007389629458185688815 0.9999994758237068515 5.337996137033360178
0.999992103372035035 -0.003915800761771333176 -0.0006724656888390915816 -0.04119404794911651208 0.003916701619418820786 0.9999914914119770737 0.001341145381621847805 -0.1153885244659121206 0.0006672067362158816016 -0.00134376850495142872 0.9999989553257591091 6.566389354112172505
0.9999845349270891637 -0.005541210470448774961 0.0004662637632916108161 -0.06784158619043456628 0.005539851540371916634 0.9999805963732574243 0.002870373271807846478 -0.1457833917626911724 -0.0004821615622398928744 -0.002867745721046040253 0.9999958525350941541 7.853743232634888827
0.9999851780435126125 -0.005436728567346334022 0.0002796155590961708209 -0.06629783267147235093 0.005435861264820322086 0.9999807271852446666 0.003019733621541672002 -0.1649608133706432778 -0.0002960291573859988811 -0.003018168784083407902 0.9999954822679449906 9.218309954691271457
0.9999905410614153833 -0.004304031597781234932 0.0006209745777370086726 -0.0955991331966512814 0.004303254971344186788 0.9999900217373567379 0.001249216409868573368 -0.1883539884556708066 -0.0006263465420864701774 -0.001246532248463422862 0.9999991076899028553 10.561706713117756
0.9999976936598607979 -0.002083856865422076699 -0.0005125716215049240998 -0.07924550344114787703 0.002083769579733479611 0.9999978748808716622 -0.0001739380298568825377 -0.2231947621668686765 0.0005129314319290231459 0.0001728696852884012219 0.9999999342745699016 11.87402468583089288
0.9999991632218583337 0.001289531509687880887 5.641485324788018621e-05 -0.08688368761936035578 -0.00128943588668379368 0.9999978921544245836 -0.001635589403090452303 -0.2411903438787423304 -5.852540481069907395e-05 0.001635515431297859769 0.9999987415976178129 13.21052893382291948
0.9999907059246044838 0.004284968692160021249 -0.0004686502575567121575 -0.06888972971586465599 -0.004285773618283420655 0.999989374088108951 -0.001733770539845549052 -0.2757819944493717368 0.0004612145669856363307 0.001735763093634770486 0.9999984679686109157 14.55056225550541704
0.9999874079151894746 0.005017514241025459835 -3.298780913479016296e-05 -0.1287623220644206756 -0.005017540073029251937 0.9999870743799711414 -0.000893010618161144739 -0.2995866484222623471 2.850515668707499244e-05 0.0008931650255574052769 0.9999996814880820484 15.89002796162211339
0.9999954216969162424 0.00290821798029201016 0.0008314889649403762106 -0.1155774631571370448 -0.002909643862995784595 0.999994347471231948 0.001720786582231932345 -0.3187725936645738889 -0.0008264813248013561705 -0.001723197914976246558 0.9999982545239742837 17.21795366584453291
0.9999985460063550713 -0.001382282300301128451 0.000994883761280106237 -0.1117321634576222134 0.001378556874222228428 0.9999921274695575679 0.003737204304936212178 -0.3484346631277469575 -0.001000043273494813324 -0.003735827245867303671 0.9999926024933505353 18.61178318176943591
0.9999936337568666733 -0.003555876414118411353 0.0002840769531765669409 -0.1380232141331884377 0.003555345528448605741 0.9999920229666997562 0.001853547864894236185 -0.3818153985925547556 -0.0002906671889577293333 -0.001852525942394567379 0.9999983225950181964 19.94480258920884452
0.9999906713256971891 -0.004214055511755070149 0.000944196533072730825 -0.1309273914085300194 0.004214923221926520323 0.9999907576327460301 -0.0009171642156758118888 -0.3930916294573820746 -0.0009403242983114918057 0.0009211355166346154146 0.9999992144164695507 21.2785076827551336
0.9999951633752411917 -0.002953874432488504641 0.0009697230327616533337 -0.119885120324557809 0.002955842629024699273 0.9999936263205347897 -0.002032837915615816251 -0.4337243331908551269 -0.0009637135746338232117 0.002035694576398619591 0.999997544365902824 22.66899372496462206
0.9999973619433494276 0.0007381038166788702996 0.00217343595540438108 -0.1155337314338124588 -0.0007377009910817806503 0.9999997717703583699 -0.0001853874057142528486 -0.4568796145028864442 -0.002173573692922175192 0.0001837837042316704274 0.9999977016655663409 24.03443014778594033
0.9999985706995415669 6.483635467721045342e-05 0.001687278675922988759 -0.1448324722512712992 -7.123270255198727399e-05 0.9999928684643549781 0.003792104993893117247 -0.4729231043331307283 -0.001687022208073006568 -0.003792219643784322611 0.9999914672437516527 25.41044008444172064
0.9999949966390642153 -0.001571976856102076051 0.002743737612119731637 -0.1659815351785105531 0.001558431173137652097 0.9999866807945008151 0.004932711491681296585 -0.4914134773150804492 -0.002751456543135189815 -0.004928410769713541424 0.9999841507689698483 26.77635888800839226
0.9999823723597847103 -0.004827722524250435167 0.003455513093744571468 -0.1291384423715800089 0.00481479986506290307 0.9999814804635763776 0.003738790244393851592 -0.5142325016384884373 -0.003473500262943549771 -0.003722086612342227156 0.9999871211186814879 28.18141021905124433
0.9999804802086644795 -0.005816660530787893212 0.002279949130293361034 -0.1312102582693880359 0.005813778535376029448 0.999982355246096466 0.001269368483239341223 -0.5408858752078440357 -0.00228729377888825091 -0.001256088453140754777 0.9999966760266465471 29.5215952991332351
0.9999752893188409431 -0.005987528737978134973 0.00368276470079715321 -0.149691593699079889 0.005991795233189914707 0.9999814509932574147 -0.001148120150916523722 -0.5657349615274067656 -0.003675823292179928627 0.001170158293118988852 0.9999926402678248616 30.93268692887932048
0.9999866845704733498 -0.002996635338941440116 0.004200400648414592819 -0.2168663985399787164 0.00300500712948799896 0.9999935703040158108 -0.001987812912389035677 -0.5940073509842960231 -0.004194418163971863969 0.00200040881915105424 0.9999892833217997046 32.29156971919997687
0.999984424490042545 -0.001675827539755353219 0.005323052462557934655 -0.1952893702550275445 0.001697498444989706734 0.9999903421632528877 -0.004068930434908394136 -0.6247996117340699485 -0.00531618343087891191 0.00407790307981768102 0.9999776349692283128 33.68446595566659596
0.9999908946791187248 -0.001269796391250591289 0.004073166535900508457 -0.1761028917824557782 0.001283384868257627731 0.999993676990060032 -0.003334819066785431503 -0.6497294301936956673 -0.004068907519978788405 0.003340016287727723063 0.999986224815293534 35.07726314918964761
0.9999920851552068779 -0.0006509799856376716209 0.003924074757955611087 -0.1515868491715398614 0.0006614743466828629757 0.9999962691876520537 -0.002673233354555978013 -0.682455366929991758 -0.00392232118606099505 0.002675808013518202189 0.9999888084300784241 36.47580623874957695
0.9999924286916013205 -0.0003373161631531347679 0.003875730707648526556 -0.1791552138280202433 0.00033873277550074875 0.9999999372794787789 -0.0003644378057490271858 -0.7154786596391139453 -0.003875608828057844086 0.0003657480170547986495 0.9999925036828127833 37.8932861617930854
0.9999893139055677782 0.001808153815643692838 0.004253841683505119216 -0.1902168440803423677 -0.001805743465734306434 0.9999982682380700316 -0.0005700188120066588962 -0.7459367114751298544 -0.004254866269638519355 0.0005623315062487845451 0.9999908706752609344 39.26042846725486157
0.9999800475603511929 0.004730902007869169229 0.004185160458123965248 -0.2192859834512216333 -0.004727777770864288916 0.9999885995093853452 -0.0007556934827377497204 -0.7653883023720589041 -0.004188689132230537931 0.0007358920270338900269 0.9999910374017377812 40.67792500702866931
0.9999661213190694786 0.006837015135046396914 0.004583008128198024639 -0.2000476233140784099 -0.006837373441126317654 0.999976683963445856 6.287305599578523092e-05 -0.8003141906280254458 -0.004582472658514931581 -9.420653822947150228e-05 0.9999895767492794629 42.09014718286833556
0.9999711514171625293 0.006689731743606357021 0.003596713563192874795 -0.186681307876877034 -0.006688921926256518116 0.999977661952181518 -0.0002366845277697359807 -0.8241207962324959002 -0.003598217887411832728 0.0002126196913696314311 0.9999935845583483029 43.48363279140652082
0.9999684485672181156 0.006988666707400427447 0.003775305833424460154 -0.2100945709715124898 -0.006988977338354829781 0.9999756354336312159 6.952418057448167131e-05 -0.8536644651338126666 -0.003774729269680243086 -9.590738760082424103e-05 0.9999929518540555673 44.86241616654002229
0.9999732604283180226 0.006469309555695248841 0.003408663621442461003 -0.2038460736093121173 -0.006466421428744421017 0.9999787861652902343 -0.0008571541440832076584 -0.889174659583236715 -0.003414137828610319062 0.0008350894991396723161 0.9999939038940506286 46.26469347965220891
0.9999778661625855491 0.006299148394195983221 0.002140196442110000544 -0.2309031905847293009 -0.006297493632008246446 0.9999799287722299646 -0.0007782846475031131566 -0.9142488138775155537 -0.002145057416264617954 0.0007647896789882987307 0.9999974876773058963 47.71817706493406064
0.9999778332499044131 0.00657900521808928683 0.001020895514020441191 -0.2155096397625171079 -0.006579482761185560975 0.9999783071059057393 0.0004667162229577309402 -0.9449179326409229418 -0.001017804309267690208 -0.0004734227143648931215 0.9999994507394670551 49.12302344627226347
0.9999707365564349804 0.007649623363770311976 4.272932867675861753e-05 -0.2244295860211355798 -0.007649628713265285707 0.999970788504608854 0.0001655749825993181113 -0.9692056343792275763 -4.146302355473060721e-05 -0.0001658968722332167093 1.000000066145796174 50.48119398813118153
0.999972035607920362 0.007423592167068356236 -0.0009004526829777585945 -0.2825710802014283485 -0.007423018744242179147 0.999972307369622504 0.0006366979798664215966 -0.9973361322069691504 0.0009051527457295832245 -0.0006299959700720722056 0.9999994726671341816 51.91678970197391862
0.999970789070227295 0.007351339094417564182 -0.002090778626919401976 -0.2708357531518710837 -0.00734860027600988102 0.9999721965899781573 0.001313856550919641035 -1.023080596606736448 0.002100377440177705109 -0.001298453749248474221 0.9999970319761847248 53.42439416417514053
0.9999790069507699108 0.005576382446725355879 -0.00329881040148867228 -0.2820592329503145979 -0.005567682515933327324 0.9999810761745148158 0.00264013389415360903 -1.048337498418706604 0.00331346863566163571 -0.002621711616997196917 0.9999911545007803548 54.85560631192815606
0.9999861855572279579 0.004067823877135262785 -0.003327767085949510234 -0.3096495769266333631 -0.004058782133906060213 0.9999881281086588913 0.002718829795721773492 -1.076069580939773562 0.003338785562284984996 -0.002705285430445741966 0.9999908476919381339 56.25765336269111572
0.9999896731732091926 0.001792659909767595509 -0.00417521793724238803 -0.2915824815915561419 -0.001782695907376962135 0.9999956193997061593 0.002388574324921691628 -1.109171480798762044 0.00417947976026576077 -0.002381106386396727569 0.9999885118367589643 57.65207670826227826
0.9999896278421137596 -0.0002608738873921264767 -0.004546281748835417393 -0.2641343018498043538 0.0002708372429228658057 0.9999976247855150158 0.002190704136434191551 -1.130117530365670309 0.004545697642421026551 -0.002191912585738693079 0.9999873467577264918 59.12320814600803232
0.9999936587375113373 -3.727554725678230128e-05 -0.003560002557169747017 -0.3342657487666240157 4.705659410519801884e-05 0.9999962869862808468 0.00274698256211453485 -1.158328620282824684 0.003559885192755541609 -0.002747132536642501923 0.9999899709525560398 60.50882213154872602
0.9999964591948231618 -0.001657700209955498098 -0.002079938774948290794 -0.3423160516790064167 0.00166571154336106822 0.9999912427056070197 0.003855130835223843228 -1.200344280666350683 0.002073528248273870042 -0.003858581639381664184 0.9999904866329882847 61.96256936735821341
0.9999893184229988741 -0.003869598172232061647 -0.00252621563193133631 -0.3415554399125150242 0.003878017165548081849 0.9999869781663164314 0.003335655845724728834 -1.210506118226096328 0.00251327340108694914 -0.003345416795671349915 0.9999913265477442526 63.35592262608764713
0.9999839744016323362 -0.005390982045399894673 -0.001726489198991353231 -0.3549866276355075345 0.005394801849636805639 0.9999830568356495863 0.002214559815438276857 -1.225437753062724733 0.001714519657261576397 -0.002223838260631549012 0.9999961382400276433 64.71953519375473718
0.9999856498307216901 -0.005084561570951465388 -0.00168519403285103341 -0.3665817299522499684 0.005088065381512901254 0.9999849525471943279 0.002080478330572006589 -1.268673595028914747 0.001674588719993965998 -0.00208902272025330172 0.9999964966268776179 66.15173251343361471
0.9999957945241941815 -0.002895177636742594929 0.0001462615220951572694 -0.403176444595112482 0.002894834342762039013 0.9999932125574647612 0.002305838453788895508 -1.298508121077220689 -0.0001529378648394467098 -0.002305405225214109469 0.999997411621192378 67.60305540163349747
0.9999990904222546551 -0.0006748528594288797158 0.00116457803088444202 -0.4039023928988446088 0.0006709771210448022298 0.9999943028015764179 0.003326600230037982889 -1.322654926747487636 -0.001166817824366622172 -0.003325815676815551715 0.9999938694910934789 69.01156499593871274
0.9999919952761060493 0.003959226819410761183 0.000571340321874609907 -0.3751953415308092454 -0.003961519396121979987 0.9999839242501777914 0.004071819249111922889 -1.356865397889567282 -0.0005552113820698011517 -0.004074049914734263755 0.9999916276599891685 70.51349059161270816
0.9999769194142626993 0.006541355976480768206 0.001834074178483407732 -0.408049911889479644 -0.006550318847292203699 0.9999664788203238563 0.004925105045119387327 -1.382210066292744344 -0.001801797258474839786 -0.004937005031334927227 0.9999862704266606617 71.83324649859468991
0.9999369032179942218 0.01093727460814912511 0.002560887656147303564 -0.4527339661667074688 -0.01094850399968388781 0.9999303845435051352 0.004413435803007374411 -1.392751443863762706 -0.002512439801558540887 -0.004441195110113834929 0.9999870623998550201 73.33215127876634654
0.9998874780797738504 0.01450809498435043018 0.003812992038787569368 -0.4880793141581831196 -0.01452403643148864748 0.9998858137152902836 0.004187358788083359387 -1.432994237990174557 -0.003751807354847200467 -0.004242267548674593693 0.999984044194597077 74.65513363341797515
0.9998621575820361151 0.01623226301585528608 0.003488843419872039633 -0.4252670409411153374 -0.01624721211397803233 0.999858817776045572 0.004300544708752435108 -1.450645025851484693 -0.003418544611398809541 -0.004356635786783335726 0.9999847472902677614 75.97257747081151535
0.99986054656664336 0.01626538805327629178 0.003783797882085303439 -0.4535546033748277805 -0.01628284587955396504 0.9998567660855963712 0.004630152662042945864 -1.482703892936116041 -0.003707945993734573613 -0.004691117867060359999 0.999982202884457605 77.45120444622756395
0.9998738717837367673 0.01516045203153556023 0.00473220551815810471 -0.4851382619286714881 -0.01518198064487635487 0.9998744672288101265 0.004547452293262040958 -1.5144961476008445 -0.004662671290134954433 -0.004618722881408862148 0.9999785439859141256 78.92561942863814295
0.9998883148623155526 0.0144214899260955657 0.0039205839878965398 -0.4568855416168063899 -0.01443316075824096177 0.9998915002501278515 0.002965413124720422868 -1.528511020196779313 -0.003877394227831197204 -0.003021668241537271444 0.9999879983638046976 80.2017711152182784
0.9998939490648871553 0.01423052405564200623 0.003094407428011791347 -0.4681760282980434451 -0.01424096075960104221 0.9998929479495108907 0.003377832913323616706 -1.55576858905847093 -0.003046009181723706959 -0.003421541916840761029 0.999989588153142317 81.57019663961347078
0.9999033902073369839 0.01334727085935401812 0.003879839884653856624 -0.4908141983589966451 -0.0133612239310807214 0.9999043393007105429 0.003593330411552971004 -1.583271290097853834 -0.003831508883235159452 -0.003644822562060202886 0.9999860980756555273 82.93708430759264161
0.9998989236706705697 0.01393489407936714802 0.002820233553583597914 -0.4835579102031457022 -0.01394398635237015585 0.9998976188659237652 0.003230961088117267465 -1.618473689207791999 -0.00277492307965066182 -0.003269959702697148099 0.999990884308910144 84.32278267476341682
0.9998963210749649555 0.01424881621282702605 0.002076267627928591198 -0.4838484693904980816 -0.01425580036035545631 0.9998926968350547728 0.003389550068817719607 -1.641006362169059596 -0.002027749172941274713 -0.003418797390983364503 0.9999921807655690609 85.65661595226335123
0.9999152169117054845 0.01295363832575881745 0.001324684514961260067 -0.5100082067665723251 -0.01295925602650306423 0.9999067315996067462 0.004325259225788790143 -1.662522476367518376 -0.001268534578186225874 -0.004342059334856819899 0.9999898493855449155 87.05472477201566051
0.9999492395570056535 0.01004801119243342242 -0.0007404869767308864354 -0.4963235366995277231 -0.01004369953257522145 0.9999338795707732874 0.00561094271010553064 -1.689225906690790868 0.0007968152455044283985 -0.005603220560397299647 0.9999840651403753 88.51323397263143988
0.9999590465259016181 0.009005255801579147013 -0.0008962012907836608292 -0.5212990486634845322 -0.009000047014063660561 0.9999435756365453454 0.005653918269031785529 -1.715177566434954004 0.0009470641092842740786 -0.005645620759854108953 0.9999836956497811791 89.8029711801542021
0.9999775626939318984 0.006347598347648020049 -0.002138840098767834114 -0.5527016539271543127 -0.00633519670698918895 0.9999634313842076239 0.005755282690851577787 -1.738847095132401988 0.002175292438136869778 -0.005741603474554460469 0.9999812316337163276 91.18334964798022213
0.9999760943194943019 0.006045442429391266297 -0.003354988837747447522 -0.5283501019080282246 -0.00602699262910201105 0.9999668727576320748 0.005481865527622860161 -1.765514293443538829 0.00338801625577063361 -0.005461513874127400976 0.9999794271569044657 92.60050492310192283
0.9999900144550449843 0.003992318117778373768 -0.002006218740020884132 -0.5478491269381902118 -0.003982489136693856402 0.9999802294119765067 0.004878798250324653529 -1.779086929478893353 0.002025655131427194118 -0.004870759673078618561 0.9999861668790306357 93.94864066161315463
0.9999748751310700845 0.006431640623830744627 -0.002979201300704479444 -0.5511496431854362443 -0.006418894554845259656 0.9999703524695174872 0.004267795193670432564 -1.806911733163550027 0.003006560181030027909 -0.004248564670161721936 0.9999865358195150211 95.37003137373014283
0.9999810562710141904 0.005310828032444959122 -0.003110423960152918291 -0.5598831902650558412 -0.005299068198538077999 0.9999788902472718233 0.003776379180059923849 -1.837733457871851384 0.00313041227453338209 -0.003759825173169671804 0.9999881128092185101 96.73543124976285412
0.999975628850298448 0.006651548603301509627 -0.002119231084326777832 -0.6140916313903360679 -0.006644604591454004831 0.9999726510321170769 0.003266269723155706354 -1.863526681936579887 0.002140897212349032134 -0.003252108548250815922 0.9999925009105332663 98.05097887772799936
0.999971822322684889 0.007266676889653962169 -0.001882153687605930869 -0.6418817727344230395 -0.007260453917435055055 0.9999682866392664016 0.003291447003567484278 -1.886340530098775892 0.001906010229333069544 -0.003277688849316377599 0.9999928926794597883 99.35669495764823012
0.9999624511070543953 0.008219752194447425483 -0.002743098406559867173 -0.6283703593383702657 -0.008206144272407902077 0.9999542118720092798 0.004935124352106358761 -1.915475993307221403 0.002783536598754652279 -0.004912428669701541552 0.9999841406217405693 100.726803995956999
0.999952937327961644 0.00940084963168677859 -0.002395766475814177683 -0.6221802468325017266 -0.00938575775783992601 0.9999365815205187857 0.006233986072843589188 -1.933071079422096217 0.002454217618919202204 -0.006211206494377629478 0.9999777793813136029 101.9965307947492477
0.9999722489406878134 0.007218567205013408546 -0.001840155070234159853 -0.6284405134375327107 -0.007208843647781619512 0.9999603676240654826 0.005236206058125271283 -1.958731263438538317 0.001877878395262460925 -0.00522279524613152718 0.9999846786379419372 103.3262562074229578
0.9999699989566644964 0.007450617273080793745 -0.002117079272465068746 -0.6807324224246019684 -0.007445291505918359871 0.999969190067227176 0.002511702359127229028 -1.979426933655464182 0.00213572611424646874 -0.00249586461133442794 0.9999946854169742272 104.7541781339448619
0.9999741778028171657 0.006948575936359027011 -0.00183127114482100283 -0.6729850310063522079 -0.00694644203391670597 0.9999752519052971245 0.001168169098980928206 -2.02208664821123163 0.001839341291125011013 -0.001155417988495913758 0.9999977216784593503 106.103222963710806
0.9999873170142752343 0.004854078718899926953 -0.001340245670706235234 -0.6889279312810691058 -0.004850953244346294796 0.9999855938931203614 0.002324298417577304147 -2.039213661486337426 0.001351507074526046631 -0.002317767345654840778 0.9999964814503208288 107.4189073795209879
0.9999956193402556037 0.002815203733696011561 -0.0009101929694155699423 -0.6954948330363576181 -0.002811263449227784355 0.9999868644409170004 0.004299982859262872596 -2.058994883519156271 0.0009222847501112916516 -0.0042974051126761139 0.9999904215692333453 108.7045064852961076
0.9999995383046997866 0.0008794615057005147766 -0.0003774339212954671511 -0.7011951074960118824 -0.0008772843321201789996 0.9999832824188287228 0.005726025522722441759 -2.097396021629133411 0.0003824618712604958338 -0.005725691648881812632 0.9999836157200520104 110.0802749954892192
0.9999993097833311806 -0.0005199013118534772 0.00105007123108813525 -0.7282115855327093712 0.000515685861506292296 0.9999918788804784686 0.004012275679996102004 -2.115044796578309239 -0.001052150160928812554 -0.004011731284154790127 0.9999914802263661917 111.4197208889246014
0.9999985281023087147 0.001594057570319650733 0.0006287224784327671064 -0.7604018854247684978 -0.001594914233573070618 0.9999978548296886149 0.001367002320563041147 -2.134975051853579497 -0.0006265435435058114505 -0.001368002938669958708 0.9999989487716298697 112.7309084406474682
0.9999905828795629947 0.003890820179626794904 0.001920466519685025929 -0.7467760609946838546 -0.003889885154343074389 0.9999923756044727385 -0.0004895225274761116647 -2.163076678713911072 -0.001922357935129261541 0.0004820476557236548867 0.9999981168508409457 114.0701300468221291
0.9999692077321620243 0.006515859217477655389 0.004372606876460932712 -0.7491801461592153544 -0.0065145235356491955 0.9999787903508168263 -0.0003192671227441078782 -2.192432615058074852 -0.004374595698925252962 0.0002907719689985353265 0.999990469905469026 115.4286650280175621
0.9999475654004106318 0.00859368532995389775 0.005568442471595890647 -0.7711497453298515881 -0.008602666966420745645 0.9999617912502019035 0.001591306228927798607 -2.227398729765870833 -0.005554555717318409615 -0.00163912612767944956 0.9999833107179687541 116.7693598282454275
0.9999371509245381651 0.008840521882084152738 0.006894338484336096258 -0.7608830122247537409 -0.008867130399651371869 0.9999533789930870054 0.003838741120525558399 -2.241573075882867361 -0.006860081704528343295 -0.003899632749418131816 0.9999689463586767246 118.0792258395356953
0.9999445134086901721 0.008055852697838946849 0.006787184131780887343 -0.7551653113105825099 -0.008082080504744950863 0.9999600042654156473 0.003846029247060302712 -2.260669094562796744 -0.006755930750663034605 -0.003900670303741751548 0.9999696513940251608 119.4091964606805902
0.9999443552362237142 0.007367646529779411577 0.007549618602533522335 -0.7585194820835129415 -0.007395644439302120551 0.9999659136650227431 0.00368755337627112113 -2.291888274647241985 -0.007522193749288160966 -0.003743182368759450339 0.9999647827426040303 120.7600789847530223
0.9999201906855542665 0.008857012578112105974 0.0090087799715102123 -0.7307743514045245137 -0.008884961018859735202 0.9999558847664226091 0.003067259857294401832 -2.315553856421950218 -0.008981216773866776415 -0.003147057611048831305 0.9999547966345904149 122.1116698740065232
0.9998851606831602457 0.01135534355578029023 0.01003564421364559582 -0.7519523205457987469 -0.01139459288117244951 0.9999276799532205162 0.003862667943295368649 -2.332020674528856752 -0.009991057438924859369 -0.003976576333890064797 0.9999422619084072927 123.3799042325188253
0.9998520422706752564 0.0126841601355455573 0.01161887214696350618 -0.7608234311773932612 -0.01270121110069744215 0.9999184242517018539 0.001395048734431513079 -2.355982833315949598 -0.01160023013212886471 -0.001542415963926850988 0.9999316062374217218 124.7707517670694841
0.9998149689856085098 0.01426126834205411129 0.01290877859280796167 -0.7513062089192379389 -0.0142782912562467116 0.9998973674328550665 0.001227630520849914801 -2.392133200834996476 -0.01288994690955316477 -0.001411718563257985566 0.9999160054011397847 126.054131506075251
0.9998201835428157658 0.01277821949502234988 0.01401107525961302162 -0.7374025319411675605 -0.01279265805138684806 0.9999177884157656182 0.0009414837844084206079 -2.400363274744402808 -0.01399789357859264165 -0.001120553275152729854 0.9999014775831434054 127.3968781081524213
0.999825059966138352 0.0123771619644920082 0.01402311902177486719 -0.726941515817372208 -0.01239822233809428388 0.9999221975187816414 0.001416006870699717656 -2.430355546927003285 -0.01400450252001551356 -0.001589620793662944965 0.9999007493506791855 128.7033831824369372
0.999813370504395893 0.01143372912854744537 0.01557197929144744745 -0.7266371478886159974 -0.01148078735976036484 0.9999298441518686964 0.002936048821850305822 -2.461552583793646498 -0.0155373174247335627 -0.003114279349534179123 0.9998745194106813949 130.0520375214070441
0.9998151413154026113 0.01004012586222171807 0.01639730484222016657 -0.6949689012331814464 -0.0100881441160579205 0.9999451174182790725 0.002848436498480638041 -2.484499402089523024 -0.01636780678958783819 -0.003013328211829419036 0.9998615785639585196 131.4065218542224045
0.9998395072637333847 0.008335662005736153499 0.01585777364716169438 -0.7063056547886130687 -0.008386456505988732282 0.9999599659007288865 0.00313943288039125832 -2.514115063315655263 -0.01583097011174019672 -0.003271919449625802171 0.9998694097048057561 132.8049683968423267
0.9998536602322783962 0.006204768930455930448 0.0159421293670898058 -0.6802773183709365235 -0.006271351504781558228 0.9999718671706802064 0.004130026505664984027 -2.5391511524832171 -0.01591605557283288369 -0.004229400713995261699 0.9998644672550673906 134.1527878588960334
0.999877598277079449 0.004814111187117543073 0.01488641390210492833 -0.654013273874116563 -0.004874433925961963419 0.9999801058851391922 0.004018685424018154061 -2.565921087929063482 -0.01486677197860116796 -0.004090756266973786907 0.99988119611277404 135.4647332859363473
0.9998980517101457854 0.004595732149634405503 0.0135187999582819917 -0.6457066010282758173 -0.004639063284526118505 0.9999842577485522632 0.003175760050218921597 -2.585800629657985183 -0.01350399290888286419 -0.003238150746996969458 0.9999036544049929587 136.8183083165975802
0.9999245065024193746 0.002980742466782564191 0.01192010846736941444 -0.6554058328760027363 -0.00304088036172411218 0.9999827855798640863 0.005030278271254704468 -2.608244087528008848 -0.01190491011410691954 -0.005066146037550598585 0.9999163809125094504 138.1973582060613239
0.9999391563056825305 0.0001173683637496715699 0.01103006896526507845 -0.6443464239280922712 -0.0001683139749846228892 0.9999893832900007551 0.004618126430804797393 -2.623651141239192519 -0.01102941070175271834 -0.004619701852955724643 0.9999285834460969191 139.5092331692465564
0.9999395706974364417 -7.443591812603032279e-05 0.01099281230745232166 -0.634641975785715573 2.092404809017917253e-05 0.9999882116711868996 0.004868079218315638119 -2.639577205695493145 -0.01099304594439521644 -0.004867554921573289534 0.9999278080881851549 140.8003322811485418
0.9999538260875135975 -0.001728585977606379243 0.009452522962820612829 -0.638495371029971559 0.001687927406849329274 0.9999893578586717124 0.004307805385696334734 -2.680806959542550327 -0.009459869736656410441 -0.004291651192247374763 0.9999461256153583388 142.1581424963042366
0.9999696891237986884 0.0006416207918802525325 0.007758973330141782573 -0.6037184581812700124 -0.0006690506400511234564 0.9999935948588746237 0.003533373083396251085 -2.68445471487845877 -0.007756657607688265295 -0.003538457014796447114 0.9999637369041612933 143.4825029994354963
0.9999701714534311447 -0.001674305692577254074 0.007539589577960013368 -0.6124930832878089371 0.001665651458405682534 0.9999980077839413228 0.001154187744381585763 -2.710390934978191169 -0.007541508092114812892 -0.001141594862306531417 0.999970991557231681 144.8194951141184674
0.999939192489787132 -0.008863151391163080761 0.006561125740795504917 -0.6169124321938892486 0.008854849678283571376 0.9999600195021315363 0.001293505803448331869 -2.759595698698304567 -0.006572329091765576059 -0.001235329234530359397 0.9999777197471612089 146.1512744486338704
0.9998700573128946889 -0.01522465628062812798 0.005298191312709437176 -0.5715825639792400104 0.01520751874748370487 0.9998791046652176773 0.003260299224731229208 -2.759048970574590864 -0.005347188927353075522 -0.003179303098489651407 0.9999807303843731843 147.5631125808686477
0.9997205595211592355 -0.02335522419343826969 0.003650874264127289617 -0.5766703552265466381 0.02333610899445531447 0.9997142446448745723 0.005193956885353045658 -2.790718604388729762 -0.003771138338084678143 -0.005107308153035401699 0.9999799275260357057 148.869532153496948
0.9996728722881987883 -0.02546162825669881502 0.002417935357798923265 -0.583734985603366674 0.02545722391340457524 0.9996742877513246084 0.001835830178233289122 -2.827712607068914252 -0.002463892412433167124 -0.001773675559581895092 0.9999954724120831973 150.1858794771698342
0.999728466087213663 -0.02305927027955691211 0.003355094375541643661 -0.5670541986667418932 0.02306255423768407281 0.9997336403219817536 -0.0009429299267596770407 -2.849790062256952972 -0.003332458762802449626 0.001020051089141289736 0.9999940078576254887 151.5409433928730891
0.9997678746667608696 -0.02134435554016076569 0.002933901557304587071 -0.5720084603224401265 0.02135601237600739596 0.9997639920085178433 -0.004000392100894000803 -2.874964765051712501 -0.002847824694198820058 0.004062120110803721026 0.9999877752308311551 152.927559108070426
0.9997684424835927564 -0.02123654386371793407 0.003473201039827559632 -0.6028210794653743321 0.0212475024086092798 0.9997693487241138266 -0.003148827022923130717 -2.902919759068853356 -0.003405531057435096445 0.0032218948964290073 0.9999890915847289286 154.231620531529785
0.9996735269191946438 -0.02490011393295753564 0.005728561177105830939 -0.6388872992426828379 0.02490374440085212776 0.9996897562062736498 -0.0005629961028353248518 -2.924748997200161238 -0.005712766439351427833 0.0007054750752197086125 0.9999835139356583191 155.5310470855224878
0.9995043154083170789 -0.03103575596744064316 0.00528184194277116735 -0.5700447119796981932 0.03102397906341088779 0.999516060981336607 0.002297534570473756723 -2.966797542408997845 -0.005350592779402403229 -0.002132531817660935497 0.9999834923651893526 156.9493813673998659
0.9994667795062009974 -0.03225981987888725672 0.005045117510970813408 -0.5639175290675255692 0.0322412505304349728 0.9994732539928149473 0.003720002177112299684 -2.984727709994560385 -0.00516246783196142988 -0.003555357555845928188 0.9999804347565995899 158.3344225129446841
0.9993012649153584226 -0.03696124195561208137 0.00555347374181043834 -0.5657128350502018677 0.03693822441164057446 0.9993088197122006466 0.004191957577643882875 -3.014885749826980987 -0.005704576431640778073 -0.003983892906686608767 0.9999758736803230352 159.5705209276221694
0.9993678173490767591 -0.03487594828879341663 0.006901189018527084662 -0.5652344016670305393 0.03484422481828239326 0.9993819283380669383 0.004665125955662551699 -3.026416482339453484 -0.007059625381671912753 -0.004421710022841890408 0.9999653852549703625 160.9194349942489737
0.999493688028993077 -0.03074993974643099731 0.0081732072402622407 -0.5559539709728862356 0.0307206631327536922 0.9995212810499414235 0.003683977151248342147 -3.03898504532808067 -0.008282577672317258458 -0.003431025424159526386 0.9999598934509258408 162.3509769077818987
0.9996387427683042226 -0.02554814432413995279 0.008346783120211124021 -0.5880054878528858664 0.02553598046780177974 0.9996727462178583989 0.001560859876738744049 -3.076249702352725102 -0.008383929695663020279 -0.00134715257133709884 0.9999640275740004913 163.7005233095930805
0.9996569780059976207 -0.02450127940669274626 0.009252358611518818679 -0.5593462228195742458 0.0244944905991143283 0.9996996676096715495 0.0008465375037781354894 -3.105089452541579753 -0.009270322044211876458 -0.0006196151678084327406 0.9999569184447903991 165.0331901195468163
0.9996890115793198861 -0.02300373598201206626 0.009628123638940324844 -0.5693672260201827484 0.02298243388975436743 0.9997332439570586482 0.002317493554641463296 -3.123454758188165759 -0.009678867228789928695 -0.002095494989008482144 0.9999510437861425238 166.4506782811631354
0.999750854898088126 -0.02016951557197519188 0.009560924389700537623 -0.5636565887494340288 0.02015199205266713159 0.9997951343021598269 0.001925814647587979853 -3.161600623343816086 -0.009597809377811693937 -0.001732663031767888405 0.9999525196093669299 167.8073578840146354
0.9997431311455667879 -0.02056480151592792599 0.009526445786216829192 -0.5789940752484913356 0.02056941203699390666 0.9997884137969943463 -0.0003860635056579823574 -3.184875091000645142 -0.009516491750442375094 0.0005819178718375275653 0.9999546286186418165 169.1720179234516195
0.9998846531452463271 -0.01297907436882258549 0.0078877457202608664 -0.5484319798496156695 0.01301068375344817916 0.9999075406412567535 -0.003969181319875406122 -3.211973028786285322 -0.007835501173319540935 0.004071348606258744403 0.9999610945338724965 170.5148052190115209
0.9999147688818241786 -0.009570257533465114513 0.008880182577761911583 -0.5419007910266027128 0.009616441557515379226 0.9999404435733229013 -0.005172570056649369689 -3.25006525050021855 -0.008830151865317692125 0.00525752510438975279 0.9999472728035933011 171.8675538200405413
0.9999382249716348703 -0.00720333801631037416 0.008464671474484037131 -0.5717133741110912437 0.007234919257661310069 0.999967020995158995 -0.003706074320307015894 -3.270883656293668729 -0.008437697224411478195 0.003767086739945176965 0.9999573870233841033 173.2005714976060062
0.9999510418527859379 -0.005467106134108090307 0.008247251096342186547 -0.6041329544382137984 0.005477347250888629782 0.9999843166950158624 -0.001219488094262510033 -3.294778595803807164 -0.008240455707972993427 0.001264601585797819937 0.9999653280049595194 174.4978554759259737
0.9999551421477717028 -0.0007655240354529682092 0.009440348165978681635 -0.6071774391992584841 0.0007630832955562740199 0.9999997355045483483 0.0002623151344068048031 -3.341675750989411053 -0.009440547432492538832 -0.0002550994684926961398 0.9999554852731386001 175.8840245224706962
0.9999600328057811627 -0.003696581564863494519 0.00814006021125659486 -0.572712133723207284 0.003681690433978519403 0.999991583822433916 0.001843789179685021828 -3.368009064617205617 -0.008146808455132126606 -0.00181374618229726667 0.9999652500841575975 177.322384407506604
0.9999611377494601605 -0.004826507327765770967 0.007377013028306059726 -0.5593160398766809926 0.004816111262979792113 0.9999874459417328332 0.001426587207784719112 -3.387055581320705056 -0.007383806931614866551 -0.001391003124298752312 0.9999718526261150986 178.7036204410466382
0.9999533588245649307 -0.008324447961457783624 0.004896554249718828959 -0.5718552284848406053 0.008334553901399302175 0.9999632333322701072 -0.002046782133756024948 -3.421136262572448405 -0.004879337119374028107 0.002087497410051693345 0.9999859978829643836 180.1213239744556631
0.9999853540930192519 -0.004912995343236495512 0.002268608205610296667 -0.5959287092501708294 0.004926966186869236736 0.9999687424950491899 -0.006193638409409949093 -3.449868160379729876 -0.002238109367077073444 0.006204725214116100195 0.9999783266586580455 181.5700233540092938
0.9999964510866409251 0.0003799511096871616513 0.002635519854516350704 -0.5853858084485259461 -0.0003608736581315802111 0.9999738253339859329 -0.007234675517550475006 -3.48702136816717978 -0.002638201057911603205 0.007233698912332879594 0.9999704370785671426 182.9796346157212383
0.9999927496400019544 0.002868941104728414595 0.002502471321179943354 -0.5872300647236443627 -0.002852839384419108334 0.9999754236856720491 -0.006413691614405143959 -3.510956742769321348 -0.002520811695430449743 0.006406506118893811642 0.9999763815828894842 184.3818169344287128
0.999982135491385038 0.005418990662133326731 0.002521063692240011443 -0.6162903660896301705 -0.005412090188279797612 0.9999816745823715269 -0.002735302826198147876 -3.560079759882664785 -0.002535841447693380248 0.002721609876338636907 0.9999931619185673526 185.7505387528785263
0.9999710632136037392 0.006878928451262108709 0.003247399797842809386 -0.6106553136754750977 -0.006875782260253559576 0.9999759438324556937 -0.0009785057963731475048 -3.581282621297068758 -0.003254054081413012764 0.0009561491983836991129 0.9999943292076461931 187.1444832672085852
0.9999825229781261759 0.004515776229066587738 0.003814973637944065344 -0.6284619285310391046 -0.004515532389406178362 0.9999898633852772889 -7.210080136326329516e-05 -3.609120408259467006 -0.003815261856628594361 5.487303295583236641e-05 0.9999928011256108418 188.5316135602135716
0.9999883609570998644 0.003685426964268426284 0.003112570931374575821 -0.6380538379121609704 -0.003687691166882990819 0.9999930004667144656 0.0007225357679364256651 -3.627569922368659938 -0.00310988763420646467 -0.0007340054316565438729 0.9999949756730172057 189.9433653466942076
0.9999931072951697697 0.0008123006619860671578 0.003621883924147490958 -0.6648266425326431195 -0.0008172090255496989144 0.9999988099786650819 0.001354371729378082718 -3.663464967369387537 -0.003620780768275274654 -0.001357322103888944104 0.9999926045526885687 191.3120969656464467
0.9999929198544501574 0.0008187831835646836465 0.00367183175122793139 -0.6167464542171021691 -0.0008221936153693949062 0.9999992926116292313 0.000927839389772909225 -3.700119732135740858 -0.003671070762409584919 -0.0009308516491707223952 0.9999929091206199994 192.7852316276354543
0.9999790928320914096 -0.005057666426733978607 0.004028202340580536688 -0.6088403094893157785 0.005050543454078595257 0.9999857282899907718 0.001776892591583216193 -3.707361887780900034 -0.004037133067043532225 -0.00175651070173104564 0.9999903888357040138 194.1789246076139932
0.9999395979875235208 -0.01006352112647212853 0.004417965662754332577 -0.6185424585406615883 0.01004627518748881822 0.99994195561815713 0.003908947843446910694 -3.731550344186892687 -0.004457048265370623825 -0.003864327511615711901 0.9999826814652900131 195.6157281399802059
0.9999005148529183096 -0.01333593634629472169 0.004594093996269924679 -0.6201428248780118668 0.01331851863789836228 0.999904138785727592 0.003801634469103128654 -3.764309796551278176 -0.004644353205841612355 -0.003740069608912035323 0.999982301543215768 197.0967396733465762
0.9999278391217976125 -0.0109428217455265174 0.004956178198545287301 -0.6119983620134401558 0.01094300285037308126 0.9999401845756613616 -9.095540140098708047e-06 -3.776431652242776771 -0.004955783439553298336 6.333049561340122217e-05 0.9999877987944555402 198.5134379157222497
0.999979928372282667 -0.004372144445960506054 0.004584725818495863532 -0.6604634994811163784 0.004397769656630221707 0.9999747452869890418 -0.005593793823777297794 -3.812811507724933158 -0.004560154405857478992 0.005613844271042092195 0.9999739253011183937 199.8845567135017802
0.9999732859621920378 0.004020650475075565437 0.006103625936832658 -0.6643561824615544786 -0.003985702766088536179 0.9999757193275656819 -0.00572686950883358626 -3.847247265742581135 -0.006126504630043109328 0.005702389430599352597 0.9999650545067022556 201.2976394742381387
0.9999138599776111747 0.01095047241016400622 0.007235489897861354172 -0.6600288899252382269 -0.01093763226189906936 0.9999386023540082213 -0.001811576751214999566 -3.875694191697381719 -0.007254884364553399259 0.001732281701488446552 0.9999722633114828119 202.7260938476305228
0.9998785522963806738 0.01267633058105396664 0.009065530390539746838 -0.6827191734391855338 -0.01267420180221541862 0.9999196974728861154 -0.000292055820323774615 -3.894426688527143909 -0.009068505579784559914 0.0001771221078557382186 0.9999589453441453113 204.1630667711160925
0.9999115115140152499 0.01108401332818033033 0.007355700242955729926 -0.6627540472030455376 -0.01109034436249400034 0.9999382245023816784 0.0008206877218517699387 -3.92842807668004923 -0.0073461504113521486 -0.0009021922319206850333 0.999972690458285407 205.6030942662748089
0.9999300104134773992 0.009378056855097181496 0.007212409784170479773 -0.656809426260338447 -0.00937995211863193977 0.9999560420578739173 0.0002292216044781902873 -3.960998361796090883 -0.007209944180049301238 -0.0002968574988663159127 0.9999740447229943374 207.0455368402985243
0.9999599121274781455 0.007389155528423090556 0.005056386557221726613 -0.6564707268408447316 -0.007390870259092367257 0.9999726967247647424 0.0003208419670465888977 -3.991777699953949821 -0.005053878973513879248 -0.0003582000782271687537 0.9999872456876977012 208.4853687853552913
0.9999553790410031784 0.007752774022195009322 0.005396938862539554099 -0.6657896377100098739 -0.007749214120453974848 0.9999698042919429319 -0.0006799128816068582271 -4.02160553170466617 -0.005402048310426178258 0.0006380606355387709967 0.9999852860372826502 209.9815140235460262
0.9999575574834375091 0.007502510992392426477 0.005346782874277688016 -0.66595711975500127 -0.007501522776060716609 0.9999719033114329303 -0.0002045510646044126132 -4.051945985080191548 -0.005348168499006621113 0.0001644334950333058132 0.9999857656955097873 211.4719093806935746
0.999939662372578586 0.009826740698607510857 0.004909105282817594409 -0.6779471488290292891 -0.009827736298349008803 0.9999517516506316595 0.0001790562202202165213 -4.07357430331142556 -0.004907110119949177444 -0.0002272906858596810071 0.9999880150017672609 212.9197099070970864
0.9999357252462588441 0.01047727914348065351 0.004331804884516503307 -0.6441529186089351988 -0.01047986698002897898 0.999944980117355553 0.0005755131410468839609 -4.118335387973711903 -0.004325538005567636061 -0.0006208727678390119509 0.9999905328429037343 214.3592679332293471
0.9999543108466365515 0.009092355589017631426 0.002949206994127697053 -0.6459399949689328402 -0.009090149984284033244 0.9999584560785585996 -0.0007598574012749682903 -4.148611936095599084 -0.002955994716912467308 0.0007330140785798763695 0.9999954431506065111 215.838757296597862
0.9999513241029445165 0.00880155618916340747 0.004458089732841685922 -0.6541123348924744452 -0.00879620800189071482 0.9999606324996720419 -0.001217484880486971541 -4.177882813764639103 -0.004468631248551305224 0.001178211462851943376 0.9999894022889954659 217.356740431167907
0.9999493796850785765 0.009634875111742893794 0.002898237986321648609 -0.6522993888109595018 -0.009630661318411627356 0.9999526137256967706 -0.001463815947688131567 -4.200628794783074049 -0.00291220568631703593 0.001435830031104650675 0.9999948094798103426 218.8010092732574208
0.999948177381186909 0.00985866893277727134 0.002538057203075612996 -0.6483135191955474719 -0.009855099306210451937 0.9999504979404790772 -0.001414488253546364663 -4.23879570807502315 -0.002551877910324169916 0.001389402275934916928 0.9999958594996573025 220.2763882923464678
0.99994939412916517 0.009656685652803137856 0.00281959881561352722 -0.6957047687116237888 -0.009652020012032311649 0.9999520962206165375 -0.00166308899770006304 -4.259478465505804223 -0.002835525031210920765 0.001635790142939923383 0.9999947227484450307 221.7079310310271865
0.9999377666230825357 0.01087810765197405605 0.002474306630881585589 -0.694427349351702583 -0.01087238442573723943 0.999938276962117234 -0.002314219221172748257 -4.288301189230623756 -0.002499329612421569407 0.002287173719893479448 0.9999943418459276145 223.2415018897337688
0.9999427679755227283 0.01059530369555856597 0.001480828123850865766 -0.7016909053411700681 -0.01059178728160855947 0.9999411778761291281 -0.00236154999910349753 -4.32611149946876683 -0.001505763795874405465 0.002345730360848051824 0.9999961958724107314 224.7227997983902128
0.9999190098024948181 0.01253107011839845256 0.002222309906071764495 -0.7033237067487166927 -0.01252673907637553118 0.9999196940556971391 -0.001951494341530447601 -4.361704359073597992 -0.002246587147075279883 0.001923498124132164448 0.9999957072592168261 226.2309760625657873
0.9999615207168651709 0.008559912867931396274 0.001917683448653054699 -0.7192843972232023653 -0.008556004463117699438 0.9999613845147985458 -0.002036261588740363466 -4.390393684038246924 -0.001935041030130160711 0.002019775661219680701 0.9999961688215777134 227.6947091975972342
0.9999612723628564792 0.008763968086224434295 0.0007994825562181910941 -0.7067920186099422297 -0.008762160291351536387 0.9999591740499496062 -0.00223536891241879216 -4.414083567067193847 -0.0008190420983546984864 0.00222827728359801646 0.9999972627384021706 229.1600910742445194
0.9999672604332808801 0.007794579708661572397 0.00217143244622393242 -0.7214849715659696905 -0.007790184297723196268 0.9999676675147474159 -0.002024611115031262672 -4.454023256613651505 -0.002187144627679137206 0.002007629106041215663 0.9999956736703367044 230.6299571803348556
0.9999791870303449404 0.006251944783851443553 0.001590980667171713577 -0.7007934056971486525 -0.006249765065908095829 0.9999795921552488975 -0.001370332095185484642 -4.481793866071510202 -0.001599516872139535549 0.00136036045319599605 0.9999978762477951255 232.1308834694768279
0.9999912155817236581 0.003634275130950773407 0.002086462089278649443 -0.7344191374451431997 -0.003632544044879102308 0.9999931171569581556 -0.0008320870587629242317 -4.518193197146969098 -0.002089473165004820249 0.0008245007176111965232 0.9999975579149661398 233.7153169712458691
0.9999736106691315962 0.006904826693822776335 0.002256958443998970717 -0.7680096021572457854 -0.00690071551835460921 0.9999745880708356127 -0.001823577980985119362 -4.540841058545969311 -0.002269493971879274572 0.001807955364537947333 0.9999958711065937145 235.178259662222672
0.9999683504089844632 0.007481541457182277685 0.002705040940027713791 -0.7443893097936103986 -0.007476553822036405457 0.9999704023999638203 -0.001848665539963074023 -4.588681631869350852 -0.002718793109397264415 0.001828382780259144762 0.9999947133443554126 236.73881002091494
0.9999670888623466425 0.007434793550218261014 0.003246161591897520158 -0.7737083336397364564 -0.007431095999881999654 0.9999717898043901654 -0.001149132325949189489 -4.614881929891708978 -0.00325461491071348365 0.001124972099227592413 0.9999941517110383371 238.1560356947003356
0.9999643470025234571 0.007920392599222026223 0.002926539686790232027 -0.8008778690814190027 -0.007922080039489184239 0.9999685206905426504 0.0005660143262639614776 -4.636824837153016077 -0.002921965859462666293 -0.0005891783033582122372 0.9999956382507990682 239.6195872093192349
0.9999558882654854264 0.008175818238293126178 0.004622774938783691043 -0.7617450593665722192 -0.008181104222624276459 0.9999659612221734051 0.001126066838489362147 -4.677914839622832943 -0.004613412318379966383 -0.00116383644858684878 0.9999887616614012709 241.1182092099325587
0.99995953822421213 0.008021165736450147632 0.00407128278184627334 -0.7571924279908013311 -0.008021237063196755626 0.9999678904092338394 1.590907141144709493e-06 -4.712313925956508776 -0.004071140576877827627 -3.424744161499961373e-05 0.9999917930557508106 242.7183047087478087
0.9999647312238234553 0.007100821464968719125 0.004484101816000800669 -0.7756275899087562431 -0.007093895534858198765 0.9999736850152517453 -0.001558210975635560382 -4.74520575146771062 -0.004495049650844731501 0.001526346401290025988 0.999988813103994123 244.2032246516068312
0.9999430261412050047 0.009354960999560317167 0.005140205052014360822 -0.7816766964887913449 -0.009349124347590309289 0.9999556864821405044 -0.001158032042190402025 -4.765982246796058419 -0.005150811832442946103 0.001109909776312948673 0.9999861992927838727 245.7412673486343806
0.9999381992332740943 0.009450918307325764656 0.005854091630647033362 -0.7968430703840174711 -0.009450568544218378164 0.9999553996328174321 -8.712895409190355551e-05 -4.789695419114189612 -0.005854655158947818724 3.179919843560472469e-05 0.9999829416246878155 247.2145867133114905
0.9999247948609475412 0.01119610431342487819 0.00500443880426232942 -0.800639008231132987 -0.01119657249283874736 0.9999373752952791516 6.587061072703897331e-05 -4.831446574934332716 -0.005003389135052447104 -0.0001218980967965059412 0.9999875563106062071 248.7348532725323196
0.9999378081420883246 0.01006569129593071904 0.004801483179872260802 -0.7798781419162730266 -0.01006761158045064997 0.9999493105686017014 0.0003762722712754694595 -4.860709498557773678 -0.004797453594170006733 -0.0004245882159875571525 0.999988482784533228 250.3187389809376953
0.9999374465071421136 0.009674119622948704894 0.005613110958024389134 -0.8041019921422755123 -0.009676879996781958398 0.9999531307796771795 0.0004651117916848279774 -4.885596672976934229 -0.005608349518591923197 -0.000519399977300678134 0.9999842189643346479 251.8299177052007849
0.9999048912223650332 0.01299114048632339299 0.004629397553646844021 -0.7751188024416011402 -0.01299393025104714737 0.9999154719606897501 0.0005734034723835667235 -4.926111031175081756 -0.004621558325041821153 -0.0006335028865959384638 0.9999892006469043304 253.3902817822408053
0.9999163016877263832 0.01211830376032187184 0.004530880002903443261 -0.7887300073000163003 -0.01212477251545841447 0.9999255685479686573 0.001403331656584555671 -4.957025800884267142 -0.004513538021209510809 -0.001458149972751429267 0.9999888315929635896 254.9003932527563734
0.9999181194179795895 0.01215295158862588105 0.004006590610266246369 -0.8267188160418365017 -0.0121571150872082194 0.9999256435543786292 0.001016857514706313512 -4.978277721503609143 -0.003993936163266523579 -0.001065482718439833857 0.999991537343001502 256.4427642519576693
0.9999457976278054439 0.009319576682288751093 0.004641102122971954048 -0.8274909385611030066 -0.009328887007984492524 0.9999545682469066499 0.001988819287863864867 -5.013367150489846935 -0.004622357566935786193 -0.002032007689857624755 0.9999873330661314119 257.988422840147166
0.9999588609660949867 0.007118396103086670201 0.00562115092243163899 -0.8032623812915612449 -0.00713411953607819959 0.999970741910437444 0.002782401922151947569 -5.039829902901444392 -0.00560118141126062126 -0.002822389304923257451 0.9999804110198025064 259.4938882248384289
0.9999668763041292818 0.006883087660467354825 0.004343031716075672517 -0.8149706188226698567 -0.0068906332605502673 0.9999748321365528048 0.001725214778640091727 -5.063433831232650562 -0.004331048875335865959 -0.001755083752223976631 0.9999891615582310322 261.0529275554228548
0.9999826373776494748 0.004245242548689528474 0.004085997873599921636 -0.8135549678871379919 -0.004250211368520108793 0.9999902985667911137 0.001208544995697756214 -5.099267290392191398 -0.004080828950252678514 -0.001225890242876193212 0.9999910027422028724 262.6049842610236738
0.9999785778855534435 0.003499036863350932051 0.005531096461649511256 -0.8007755495121172684 -0.003512536067961509814 0.9999909321444440113 0.002433069351871830228 -5.122668073841055936 -0.005522534103350884224 -0.002452445287465282193 0.9999818241683952058 264.1133135166691659
0.9999871761880549936 -0.0006794396424442783293 0.005017801413621206415 -0.7796297379533723149 0.0006559650578366753347 0.9999889005011849408 0.004678749795022720676 -5.137736340322254236 -0.005020925875023054749 -0.004675398179198359157 0.9999765459710880933 265.613126895355208
0.9999837180305571893 5.888078985772101601e-05 0.005705498873286885334 -0.7777000401559305276 -7.783383149538536069e-05 0.9999945401364100928 0.003322010396640744361 -5.167309172109327164 -0.005705273305003429919 -0.003322400270643558872 0.9999782862896660074 267.1696476453040532
0.9999811195638497185 -0.001474124816276851284 0.005964895633248848764 -0.8005147549672899654 0.001456336122900249355 0.9999945432391079692 0.00298574834529842471 -5.207608317322989677 -0.005969265619023271519 -0.002977004959872842776 0.9999778331780810881 268.7504575037119139
0.9999748720897494447 -0.0001469972640785360862 0.007087036792267771904 -0.7649149143849713894 0.0001315508604861423544 0.9999976758183140024 0.002180175729965760055 -5.221901909953886367 -0.007087341900792317947 -0.002179188519643615336 0.9999725907548326909 270.2427647609699193
0.9999735810909161637 0.001229282906772950941 0.007163692878538981297 -0.7897431128027169178 -0.001249184815253989072 0.9999954316707012625 0.002774578651668123744 -5.25740057321881693 -0.007160250506669973286 -0.002783454008792575051 0.9999705719345486354 271.8219070625403333
0.999961909133860849 0.002912132862347627769 0.008227531732967269945 -0.7857695567536073789 -0.002930326453616770039 0.9999933469318130763 0.002200315280693777679 -5.284020685425558916 -0.008221070415424611838 -0.002224340704824825238 0.9999638132695964909 273.4115805683973122
0.9999411792226799989 0.005223581183578064786 0.009504988909949056014 -0.774720906235435991 -0.005245565858578595149 0.9999836816325808897 0.002289674814253393666 -5.324718187515557588 -0.009492874455568112851 -0.002339399064510500493 0.9999522859044978063 274.9436445046654853
0.9999248176985470193 0.004480066106423344525 0.01141404734471745432 -0.8066217736925072046 -0.004506294848344799021 0.9999873234589783388 0.002273396827384228415 -5.348354528913484174 -0.0114037185230424741 -0.002324660857255900475 0.9999323540591883441 276.4875345986494608
0.9999304380853798468 0.005608591627357912592 0.01037570292408848682 -0.8140111283072519743 -0.005620642444082202781 0.9999836234797810919 0.001132807586672022592 -5.366646658331811537 -0.01036918045040362626 -0.001191046784758462932 0.9999456100426042937 278.0300799792446469
0.9998990008364284643 0.006432364939688708233 0.01267301587506661914 -0.7887865393359804189 -0.006433523822128568367 0.9999793644320708053 5.080736324121646003e-05 -5.409229294653616904 -0.01267242830657551271 -0.0001323342619247809473 0.9999197735752527461 279.5093745633670324
0.9999086308628610809 0.003271114952823722145 0.01311572528869790928 -0.769754763488172955 -0.003286462468813667118 0.9999940006285321648 0.001148903300530172093 -5.441398976252353137 -0.01311188913953512288 -0.001191902547695270756 0.9999134058854313167 281.1141587405609243
0.9999096376483666004 0.002883749108660242817 0.01312985320326966188 -0.7387526105437220991 -0.002908246067863935139 0.9999941260923287389 0.001847158348308970428 -5.447976771258930206 -0.01312445006996623004 -0.001885176163550350906 0.9999121743728085487 282.6047374601015463
0.9998907108930152887 0.002940394222788297179 0.01448837013018132447 -0.7431206377416591513 -0.002975688913132126974 0.999992717002618936 0.002415227840071653559 -5.499048922832804998 -0.01448116353851907311 -0.002458076652499598634 0.9998922018389325705 284.2206991892326187
0.9998873527391808347 0.0004089233174510732965 0.01500357047934803255 -0.7307354559852058395 -0.0004131145421785425292 0.9999999375373990196 0.000276358825341365983 -5.532516609381648465 -0.01500345714786634199 -0.0002825257659286332305 0.9998874826645394176 285.7387441834744095
0.9999084876703396851 0.0005278319825010552128 0.01351777312586195483 -0.7314171388505442684 -0.000498782839989575749 0.9999976208509047115 -0.002152119990001506635 -5.550589204628061601 -0.01351887762677749481 0.002145180742917235112 0.9999063954616997929 287.3441110202177811
0.9999113090479858634 -0.000899526578883918875 0.01328749033817134759 -0.6810517680199208446 0.0009291054278799108128 0.9999971653688251028 -0.002219939626813817631 -5.587528887691830981 -0.01328545649638065637 0.002232088350958867998 0.999909333872510464 288.9051227149570877
0.9999296884041172229 -0.001110792735316854483 0.01180579925135544217 -0.6949525534032047203 0.001138348485547617268 0.9999967045410607103 -0.002327484603758979333 -5.619517875081893266 -0.01180317580130946231 0.002340760203384229486 0.9999276810958112049 290.3251278654144016
0.9999276302591108001 -0.001171261993783589972 0.01197309058474094537 -0.6768362597324225627 0.001203463879566877117 0.9999957388895970301 -0.00268253467079006486 -5.655759474938816922 -0.01196989841316592994 0.002696749854822589471 0.9999248024782151356 291.909700208804054
0.9999344149143200022 -0.0003636130481500828146 0.01144666610489477633 -0.6600605563780508334 0.0004003174582140583537 0.9999948471829414043 -0.003204288873105197097 -5.692320569278100706 -0.011445442830734745 0.003208661157875251305 0.9999294314455984267 293.4891368823799098
0.9999415700426628195 -0.001373459323131593366 0.01072206219586829129 -0.6632641266044362327 0.001404485720201834389 0.999994908664175175 -0.002886551714375038945 -5.72517451721358217 -0.01071804391915282678 0.00290144217479306344 0.9999384314582786537 295.0268255480515336
0.9999569885772885414 -0.001121351213847048391 0.009206306244268292263 -0.6435257186027617538 0.001144438077359788072 0.9999962745256746333 -0.002502660803561976809 -5.768992310221936926 -0.009203466551781282548 0.002513089345831902646 0.99995457003055499 296.6382598158043606
0.9999640143986371355 -0.001288196624218957906 0.008384686325572312734 -0.6500199870913139222 0.001302515002914845631 0.9999977639527412032 -0.001702251243773371826 -5.785494200486781757 -0.008382475760591531072 0.001713111302629553596 0.9999634797778095274 298.2357147252209302
0.9999675000158110283 -0.00145527592517776189 0.007929286947537817973 -0.6457400190837578879 0.001455769265794785473 0.9999989998436529248 -5.624086239418058685e-05 -5.821329090698091235 -0.007929198217928753317 6.778237680274041307e-05 0.9999686418885929129 299.7820484220698063
0.9999620191312172945 0.0002788395974731365762 0.008710628764792944026 -0.6451291274446570023 -0.0002777158383014283758 1.000000014039129415 -0.0001300325007234627518 -5.851057671723245868 -0.008710666144528826996 0.0001276086106642817847 0.9999621340584914364 301.3509422496225056
0.9999508076526809619 0.001564084667753610526 0.009794305803160339996 -0.6429569584541277028 -0.001564130104640999589 0.9999988377990415289 -2.854626048737391517e-06 -5.889701225188807676 -0.009794299818343253639 -1.24649570707604539e-05 0.9999521153910784221 302.9170006769416545
0.9999546239065978392 3.738875942905689383e-05 0.009525819622763881736 -0.6470663047792721834 -3.76646438267880834e-05 1.000000059928146667 2.895326878819935186e-05 -5.914575781434681545 -0.00952582006066744931 -2.931061441363536522e-05 0.9999547086905906657 304.5244159179208623
0.9999481592644394734 -0.002507018787941323913 0.009868441941166259876 -0.6294730736134296345 0.00251964632776250242 0.99999608384630434 -0.001267198194476897456 -5.945279155109593816 -0.009865227332735825722 0.001291997619295080085 0.9999505835646768093 306.1501236477967041
0.9999454196704441467 -0.002850109689008486092 0.01005122183310316192 -0.6452119896630782447 0.002883910930405370315 0.9999902918003655827 -0.003349847753984307695 -5.97745925582261961 -0.0100415777353840812 0.003378651888431389964 0.9999439549132450589 307.7540619048792223
0.9999187388371949536 -0.004347287239155461953 0.01198371062196649899 -0.6408614959969799463 0.004401377332549295113 0.9999802910418961188 -0.004490826688006289806 -6.019167004726228676 -0.01196395231858725719 0.004543206736169040812 0.999918188981639755 309.4373166184634556
0.9999612811891690489 -0.002332615731849764507 0.008484546685325482923 -0.6252996560597300357 0.002379192969207613497 0.9999821961316547325 -0.005483518685726782374 -6.044537440665997075 -0.008471605694888735202 0.00550349289478963867 0.9999490512033074596 311.022291204487999
0.9999801010810777102 -0.001631731785131617686 0.006093225831099537138 -0.6194957769786837432 0.00165939172794065423 0.9999883924814533254 -0.00453689729330427477 -6.096286537416014895 -0.0060857532601465026 0.004546918210885870885 0.9999712249264482988 312.6135981696919544
0.9999807994602419869 -0.0002844994741961062246 0.006189691482818629464 -0.6208404277998836873 0.0002957294277824560518 0.9999983734863521212 -0.001813196713952194014 -6.118795188979757604 -0.006189166713495227595 0.001814992510572715264 0.999979280563598194 314.1487095693947822
0.9999759145165667551 -0.002662070741311106572 0.006409077340186688718 -0.6370277206903204315 0.002649027974639844938 0.9999944655888043377 0.002042929276597339402 -6.164670971791041509 -0.00641448143298161029 -0.002025902122171738436 0.9999774555894045402 315.8276908640561373
0.9999840005272085941 -0.002452682613661755391 0.005096620922763053958 -0.6117759782568704674 0.002440577822153012968 0.999994250049728417 0.0023802446633185881 -6.18231497521968798 -0.005102430823571736662 -0.002367767756717684396 0.9999842600827544281 317.4693618741673617
0.9999776217363315345 -0.003461859603434711777 0.005723989887031661304 -0.594290931569970815 0.003455727625311937664 0.9999935056177500226 0.001081104614722928859 -6.223836218271316945 -0.005727696527755618723 -0.001061299742397784447 0.9999831141942826518 319.0822442850763991
0.9999711314443294752 -0.004090385959037987247 0.006402930983845806293 -0.5724015529177258754 0.004082226569284614671 0.9999909003844863475 0.001287126060360722479 -6.257683118595152472 -0.00640813870267632063 -0.001260950559625465808 0.9999787534246502574 320.7241206816378849
0.9999609929608088699 -0.004801147796661464628 0.007413099222498002912 -0.5514326824802028293 0.004791712402042136616 0.9999877483499918229 0.001290256544006282338 -6.277225301249121259 -0.007419204191041658611 -0.001254684647411209546 0.9999717709588812342 322.3545708694260838
0.9999613788617519594 -0.005125469434951878886 0.007138827015236523348 -0.5654417941007974235 0.005113492767909599487 0.9999855502830607978 0.001695151016296793985 -6.31754406248826772 -0.007147413401708887538 -0.001658581080337636834 0.9999731622045382462 323.9697076127355899
0.9999620873361763085 -0.003002013447092759506 0.008173390411135217012 -0.5882559126854598475 0.002994945569833231975 0.9999951915948100956 0.0008770438911754986156 -6.348476289829616093 -0.008175985040179032173 -0.0008525316531657668208 0.9999662934307663731 325.6113187659152572
0.9999529225445539238 -0.002442287183417097499 0.00939044375138454665 -0.6264335237367640863 0.002445638826940703826 0.9999970108699048899 -0.0003452807622769917461 -6.380282864895660211 -0.009389573364738957803 0.0003682302718661871585 0.9999559299579026117 327.2318310601746134
0.9999459606830616298 -0.003386917479085693565 0.009828377709812046933 -0.6106888824078969824 0.003366725881729324202 0.9999922503250808781 0.002070402131991258034 -6.41334907750699923 -0.009835314756311802631 -0.002037200673215775523 0.9999496376998855407 328.8313740882071556
0.9999319557651722423 -0.00449190609733254604 0.01076564549846052363 -0.5838272095026749708 0.004463155920919747478 0.9999864743214823548 0.002693238394496644695 -6.451567588450230595 -0.01077759853469732743 -0.002645006260850641527 0.9999385025342573119 330.4533256707728697
0.9999491111187426284 -0.004995287848313079669 0.008764403867277127322 -0.5688490771853524919 0.004982295693070656721 0.9999865186697384223 0.00150377139608026027 -6.472048532612973304 -0.008771798478864632764 -0.001460027892891696587 0.999960541926139812 332.0937810718572791
0.9999433287972048223 -0.004455416059444092247 0.009668555490578616476 -0.555409844199238778 0.004438015011824096405 0.9999885556507174256 0.00182063446729195666 -6.513285113215608213 -0.009676557465768044486 -0.001777621971371095384 0.9999516817501126198 333.6840037804420831
0.9999555392860880465 -0.00261763933032894535 0.00905869312301390249 -0.5676467433917244954 0.002619684977077309414 0.999996606826434431 -0.0002137833050329696635 -6.548743042162512573 -0.009058103755438676533 0.0002375048529642515656 0.9999590271042482215 335.3348363017431666
0.9999642458140975965 -0.0003785878517074147721 0.008447264268180498109 -0.5708894800468550246 0.00040682072110205075 0.9999943985210956177 -0.003340589323254383042 -6.579192475415781338 -0.008445953257206793158 0.003343906546354137067 0.9999588220032795682 336.9218468326671996
0.999965711134335189 0.0003608016327285239297 0.008272779940509728328 -0.5654758974356376422 -0.0003402575947984384807 0.9999969170282130282 -0.002484405629814645609 -6.621015010387865551 -0.008273651837380919735 0.002481505703517068121 0.9999627744842765065 338.5296641926100847
0.9999674652692337462 0.001051918053565452415 0.007997148418203458772 -0.5484796153661015694 -0.001057555771759129647 0.9999992561614542419 0.0007009735453634059364 -6.653902038463844093 -0.007996406146477504778 -0.0007094080447296396107 0.9999678573675362392 340.1566643453033976
0.9999824181867601469 0.002239450977953634774 0.005490053846270878841 -0.5564618948627676476 -0.002257615566255982784 0.9999920511929931699 0.003304970911411046416 -6.686849261565847691 -0.005482610085849024678 -0.003317307118558630603 0.9999795487898029966 341.800891162423909
0.9999847215580247584 0.002797785272537655753 0.004766714195174671584 -0.5740021183999832743 -0.002808106236495765563 0.9999937849815175861 0.002160242182350946127 -6.709753591442534137 -0.004760641918685665219 -0.002173594496141051467 0.9999863865638389804 343.3881275601347056
0.9999935633326652029 0.002136440359928173938 0.002881220633145630417 -0.5854850878082095145 -0.002139219871362524599 0.9999973096903773673 0.0009625279188102799435 -6.74695400769178999 -0.002879157854632579359 -0.0009686851602895987052 0.9999954668073163244 344.9840572977662418
0.9999987824151582716 0.001106817057763738628 0.001096649876248197153 -0.5442053894671279313 -0.001108994032137080839 0.9999974700789805437 0.00198798380569737863 -6.786506812432917535 -0.001094448233514571647 -0.001989197437423406798 0.9999975034020641695 346.5741687342290334
0.9999998517198079862 -0.0003652559704753868862 0.0003945424028994652058 -0.5642610783617496573 0.0003642180774290466015 0.9999965320344531561 0.002631611408458951838 -6.816298227193605008 -0.0003955037556079767525 -0.002631467193572099503 0.9999965402389157099 348.2021765364034422
0.9999995677074037248 -0.0008989477103612260973 -0.000221344524365168989 -0.5756257384240200947 0.0008992445440593654828 0.9999987626409027053 0.001337232519128203579 -6.841902770428517577 0.0002201406026803381336 -0.001337430852960918822 0.9999991621740399461 349.8132217508846793
0.9999993556203307099 -0.001121788877251041639 0.0001512055258046540078 -0.6045519726018926399 0.001121571796422729007 0.9999983969789499882 0.001438829900823167555 -6.884834888881613324 -0.0001528208697842185705 -0.001438659255381455901 0.9999990342184520431 351.3753988110531736
0.999999444440985652 -0.0009493915143795785948 -0.0004497656475378951856 -0.5942249926333815768 0.0009496974900067063239 0.9999993809617261364 0.0006769532481951609244 -6.906475232659403218 0.0004491211163148224909 -0.0006773798797719703156 0.9999997504891821043 352.9575027766040876
0.9999959700443263877 -0.002516326066307452737 -0.00131168332701988655 -0.6224983195421061044 0.002517536163841119397 0.9999964684186944952 0.000920477538107749931 -6.944266991361353725 0.001309360861334931195 -0.0009237759042156572621 0.9999987968704917574 354.5427650093920988
0.9999964165300121444 -0.00244632043686614925 -0.001083954826892312906 -0.6312967904859583257 0.002446695135547767921 0.9999970090764257469 0.0003429840075697430176 -6.981328140268784566 0.001083110938611911477 -0.0003456347489535846343 0.9999994344688494241 356.1899095440468272
0.9999956723483388599 -0.002880242127592053114 -0.0005932985041881658509 -0.6376935607243731097 0.002880023028734024059 0.9999958443862361213 -0.0003725519935185289395 -7.013503804169554101 0.0005943675116016503088 0.0003708418070490300989 0.9999998353676035068 357.7614667919979752
0.9999930207925679104 -0.003649148568409512662 -0.00079661378636792699 -0.6450471230647011334 0.003649579174959473142 0.9999932567531593097 0.0005377159837689847021 -7.042423501776137407 0.0007946446291628451444 -0.0005406193995211066227 0.9999996189007971381 359.3118016338581242
0.9999952744647515601 -0.003016510718381400398 -0.0005867063204481750378 -0.678736426426969075 0.003016278826391591717 0.9999954326796004489 -0.0003984965778240532274 -7.075186725384599917 0.0005879041433823441794 0.0003967251642193727538 0.9999998292547327416 360.9321686506376068
0.9999900121326547042 -0.00444347996507863871 -0.0004728974206335770781 -0.6923050077404631075 0.004442346193855199916 0.9999873722436897205 -0.002375506784576964913 -7.110089873115524206 0.0004834454073048083064 0.00237338243203329179 0.9999971474300973773 362.5668350948863008
0.9999806481671829061 -0.006131513406744996085 -0.001048973349190779293 -0.7005387897451533785 0.006130849789114680565 0.9999810648261109325 -0.0006362317520581719371 -7.14397043328627479 0.001052852955650621959 0.0006297884847619087236 0.9999993281987751281 364.1016941556905522
0.9999718314930765573 -0.007495297552663168425 -0.0003863204266306936646 -0.6924097472753787397 0.00749545183167785959 0.999971891666691981 0.00039522178315194316 -7.182661922014938582 0.0003833457085183014255 -0.000398106156850318066 0.9999999280447023908 365.6403063912484868
0.9999623895682762109 -0.008660754410488261112 0.0004508752399719279037 -0.6634276049011564869 0.008660733112605251832 0.9999625548186171775 5.27739382256536737e-05 -7.222446217828821347 -0.0004513169220783121421 -4.886690209185329308e-05 0.9999999777291197489 367.3063370290028615
0.999977877320438413 -0.006650852234985813426 -5.95217490221178433e-05 -0.6796980714133713519 0.006650789206767357409 0.9999774164262690279 -0.001027502551394493882 -7.25529368447219003 6.63526384765196649e-05 0.001027084097750953539 0.9999995511139544435 368.9328758572949027
0.9999872643196671129 -0.004935880877613748295 0.001049183924801509651 -0.6928951160202067028 0.004936131092789146878 0.9999878508012705058 -0.0002344768392794473817 -7.281168366296761896 -0.001048015295006610734 0.0002396529013572485528 0.9999995028821173637 370.5353215037544032
0.9999893010445410901 -0.004434599393477452883 0.001313252948726404941 -0.7045641147202993393 0.004434134739769190516 0.9999901662407805203 0.0003577570519132806373 -7.31722815598846843 -0.001314827994640807834 -0.0003519299476721930633 0.9999991544531351417 372.1489408020621568
0.9999932798983922622 -0.003383417111345172774 0.00140895578271898244 -0.7061076045856976569 0.003383570668148709343 0.9999943312066643664 -0.0001054613316544467431 -7.351419692033962505 -0.001408592420860916173 0.0001102280613434609529 0.9999990826254195886 373.7243539853848233
0.9999900296444351744 -0.004367906993905315213 0.0009243968003129184388 -0.7335187765965563989 0.004368209012354079199 0.9999904681634221859 -0.0003231894627562044344 -7.384977183514171983 -0.0009229778018989712261 0.0003272243377778064131 0.9999996012849723392 375.3071438575154275
0.9999931378993937026 -0.00362639325834281925 0.0007522874131777775031 -0.7972101472045813875 0.003626825843704909076 0.9999933203450860342 -0.0005722916769563096391 -7.406974566933838489 -0.0007502085181778863797 0.0005750163046668882059 0.9999996340384885718 376.9540715265102904
0.9999908522655339693 -0.003811871143398195758 0.001938435495289978806 -0.781367729971594982 0.003812621588410777113 0.9999927197417696201 -0.0003827513162044361922 -7.44848352155203397 -0.001936963796656934744 0.0003901384738001315044 0.9999981287474642988 378.5925755709306486
0.999995730965908769 -0.002191694861310050733 0.001930552807220207437 -0.7725770186971256948 0.002193134723197705509 0.9999973799737525981 -0.0007431837986085553871 -7.481862135498928978 -0.001928920329697369866 0.0007474147263173419467 0.9999979410842935179 380.14603453969562
0.9999979387571676925 -0.0003868041868779909247 0.001991325450305144688 -0.7794509657026669203 0.0003873846197376356703 0.9999999438906068683 -0.0002902857116312850309 -7.510988564111932497 -0.00199121446422468153 0.0002910566569836083983 0.9999980559412310344 381.7635166813830097
0.999995721705560614 0.0003538213274781417035 0.002902394587457222605 -0.8053315788480087667 -0.000351094040883787224 0.9999995580338105761 -0.0009395625258364610852 -7.546141121576615873 -0.002902727095202725822 0.0009385396286304406241 0.9999954274171080071 383.4063391399733405
0.9999933707487620449 0.002376433610405731013 0.00275745152733394578 -0.7801336973578328893 -0.002374075056657657529 0.9999968751032558556 -0.0008577064105671281099 -7.588641837472745344 -0.002759482555122550525 0.0008511544619288646417 0.9999959111557904512 385.0204892232194993
0.9999927953693493743 0.00250810293679922143 0.002848007428762556331 -0.8041261610478458444 -0.002503444715645620523 0.9999955868469487807 -0.001637424745963809774 -7.615806321787150779 -0.002852103045800243302 0.001630283256718605958 0.9999946845964082787 386.5953222142804293
0.9999882822311227937 0.003726804149347331171 0.003088502998323580835 -0.8251624814790823326 -0.003726511008422377438 0.9999931125736818416 -0.0001001358902564378396 -7.654535116548059293 -0.003088856256133084861 8.862550651295779641e-05 0.9999953063134816578 388.2147905183731496
0.9999868383814597417 0.003827642193910026948 0.003415367984640797164 -0.8035414706984594924 -0.003829224073515792408 0.9999926250209019152 0.0004572230949593666331 -7.693139725695680831 -0.003413594033390405288 -0.0004702951588544314766 0.9999941438503160418 389.8258175873347113
0.9999714921199553963 0.006042217017337031017 0.004527591451774353251 -0.8183983658302576014 -0.006038158334416661964 0.9999814178704559131 -0.0009092077256612851686 -7.71784859596128392 -0.004533002203989387399 0.00088184362208469137 0.9999894178343377016 391.5097539588574591
0.9999786755195138044 0.004677206813166102754 0.004556836942633032267 -0.8496793024516208215 -0.004677852472014783734 0.9999891112080599997 0.0001313994815451974957 -7.748403527990507911 -0.004556173995087869043 -0.0001527127632529609396 0.9999896896943746283 393.0503542580871681
