1 0 0 0 0 1 0 0 0 0 1 0
0.9999881136968428175 0.004264241328177684025 -0.002364045457521264312 1.420678373341173417 -0.0042463420108730561 0.9999626671130016353 0.007525487344940625517 0.2389446922175451071 0.002396047695030313791 -0.007515359349174751714 0.9999688886806908927 1.372135051626619529
0.9999128626630757743 0.01295610421621633777 -0.002531095508197247004 1.451184313995492969 -0.0129041620614811 0.9997254018619377014 0.01956025238789374163 0.2299166264149815619 0.002783825142516484046 -0.01952588629296022824 0.9998054761212554764 1.423355636112911382
0.9997957707362111757 0.02020402181427791849 0.0004629476359231789271 1.573397335377217265 -0.02020912038583545442 0.9994201998385032759 0.02740174461593596761 0.228932279595806365 9.094622716053663047e-05 -0.02740550414231323478 0.9996243944959973815 1.52994470149234707
0.9988104758270235362 0.04732691539816055726 0.01173867356604823067 3.509915048574006491 -0.04764598302010181891 0.9984553157173985394 0.02858046216767870518 1.506862444803616308 -0.01036791590644210899 -0.02910576565846186362 0.9995225663911704306 1.871049154590518571
0.9986288511225789311 0.04985687107399891516 0.01595964010586483836 5.68735922189029619 -0.05028885455518621733 0.9983444187489718402 0.02791867941548784385 1.559012385237155129 -0.01454127962475812788 -0.02868299076958517185 0.9994827848579416196 1.881975776314689819
0.9998928165530380774 0.01312562853979198398 0.006486391991545553334 8.768951005568855095 -0.01332074407886822687 0.9994301925101388706 0.0310136756340172251 0.3019085200603239816 -0.006075622010780887608 -0.03109675504907441143 0.9994979132757606521 1.53380281943081731
0.999930507911828137 0.009939061807745052171 0.006339905170835860929 11.02749144031080242 -0.0101496314926348228 0.9993670795470097623 0.03409435874516883458 0.2167511692225240205 -0.005997026576319554499 -0.03415633715816698834 0.999398509256533063 1.482130135618130007
0.9999736168718045271 0.00358637164623947912 0.006316921618684613604 13.78986764703944168 -0.003790896274709624602 0.9994590512309782238 0.0326685478389731887 0.1346491672530337746 -0.006196342934017467184 -0.03269163273511949824 0.9994462779376168671 1.427895590398415626
0.9999758684931379094 -0.001122109625270322972 0.00685589537431207513 16.66181844704965798 0.0009087153412541385976 0.9995174232446251139 0.03104987708274352387 0.1141673788413956614 -0.006887428244505156699 -0.03104289774511696104 0.9994943230612983731 1.374859187866542598
0.9999636902499157154 -0.00436410566515236728 0.007319341740491635932 19.09263816592635621 0.004132291576462995136 0.999498577117833964 0.03139296904965361429 0.1483065585841228384 -0.007452673889136105824 -0.03136158352457352888 0.9994803193313680501 1.350565046215085996
0.9999489979334574841 -0.007330668598666540206 0.006947145440457042423 21.46318693002051248 0.00709615934030240203 0.9994235357236396222 0.03320001151017607649 0.1272425630511734851 -0.007186518941140954478 -0.03314902018997408634 0.9994245826504135621 1.322297667410830213
0.9999258877823559155 -0.01036767384834895098 0.006382028019490149605 23.78479406633038806 0.01013365646649812615 0.9993122909378819863 0.03566867234844785933 0.1179344884449831654 -0.006747440202498785483 -0.03560135558453061955 0.9993432921330174246 1.301001485229905885
0.9998801335804605728 -0.01416472437375464535 0.006251324222592683812 26.12464299062721906 0.01391638971512532998 0.9991760681969737989 0.03812504216041135569 0.1292820223239529165 -0.006786204271694663837 -0.03803347638399559583 0.9992534223637820068 1.28260735216495525
0.9997932348266185265 -0.01931559940553824115 0.006355722974667672373 28.46359604637378027 0.01904327492541030634 0.9990008762791183772 0.04043022228072423729 0.1521250117345911423 -0.007130306798531665588 -0.04030082893884816969 0.9991621499595551015 1.258775707494783846
0.9996515763407861632 -0.02568356737589570088 0.00608935844151866669 30.78143402241071414 0.02539854602290477284 0.9987522987646145767 0.04299720423842064848 0.1811639788385567829 -0.007186082333501104223 -0.0428275621445570534 0.9990566351020597757 1.232649899472442856
0.9994843147125190841 -0.0316966276620070514 0.005140859704583672016 33.10507037815734321 0.03142660475013141913 0.9984433183331669071 0.04607937271419066533 0.2318004496898923295 -0.006593417742350333836 -0.04589405049361378053 0.9989245531929649147 1.207404694757309604
0.9992810129985876255 -0.03768326039299651348 0.004174798997582791077 35.41473787205799084 0.03744614187006636147 0.9981949472508359067 0.0469535274707651093 0.2968316235089721866 -0.005936625267225552512 -0.04676343837930067165 0.9988883507736897593 1.185013188730988709
0.9990099942529332422 -0.04436923691430608163 0.00322524392821115077 37.73255098972133226 0.04417136861748533622 0.9979387611556601589 0.04655232730556514015 0.386732068873482937 -0.005284087169276789446 -0.04636377679555897524 0.9989106459659137238 1.168906530273082778
0.9985985787712144957 -0.05286056424139698451 0.002576669204945837826 40.01851664979905365 0.05269098703508922482 0.9975926580825948964 0.0450837933737941246 0.474852861855872499 -0.004953621037042796847 -0.04488484474501439059 0.9989798858589883368 1.149447992452299117
0.9981426807153402914 -0.06085431260985011553 0.002818079341824114396 42.29808703866682151 0.06067161332399433754 0.9971856060858846904 0.04404341439750807108 0.5799913227633235469 -0.005490379864626119058 -0.04379063429444182698 0.9990256433530785296 1.127882372768113539
0.9975736575754801105 -0.06946909922657726333 0.004565300004030578389 44.58078978980061891 0.0692161745309887444 0.996711153059963495 0.04214259779811631301 0.7172230095917901949 -0.00747789373918505279 -0.04172435282333396278 0.9991011758008792043 1.110825919627806524
0.9968540086645092391 -0.0790516711974812436 0.00573748118811337731 46.85649192251478468 0.07877085977401743211 0.9961344593626425548 0.03887532020135461147 0.8643130581112332678 -0.008788461751678935258 -0.03830107245471178062 0.9992275970913023775 1.089387559830141239
0.9961203711183853615 -0.08791968468642140377 0.003786196985165551053 49.12301056500744068 0.08771932492075681931 0.9954512811544529161 0.03717616014874312175 1.031367021473601486 -0.007037490917715574952 -0.03669980780056680131 0.999301555001784525 1.0595138594263529
0.9953705428379571174 -0.09610846333740931391 0.0008035704029443879043 51.38724005588526467 0.09601220469547999681 0.9946846734363573583 0.03720291628784502813 1.218379158720521493 -0.004374814279930920764 -0.0369535344145726502 0.9993074088058624405 1.02979563632447646
0.9945437745811519514 -0.104317063404913396 -0.0007941816228506430554 53.65685083183343096 0.1042718052411328727 0.9938230832282928251 0.03798775953336708949 1.431930809595361787 -0.003173495490788181932 -0.03786330050570001216 0.9992778889784287299 1.00326668173249578
0.993583329329206788 -0.113102327191005797 -0.0001768136522880180356 55.92294084897007878 0.1130322981840115454 0.9929106522757873421 0.0367714041683379067 1.661519496285924546 -0.003983371226695508159 -0.03655543983115547985 0.9993236875869705438 0.9797341628659343993
0.992388820158508933 -0.1231269448856511101 0.002045743759230554768 58.1808908128175517 0.1229980102325924085 0.9918845446453675718 0.03219533463834443193 1.908574101597818151 -0.00599325481067602972 -0.03169866774452390068 0.9994795022210293256 0.9683483100966847612
0.9909626267955233825 -0.1340865656058564948 0.003723602898091456573 60.43937653727344639 0.1339462433616756265 0.990647533207991593 0.02599747753563744559 2.178506427831691461 -0.007174690502809460795 -0.02526376600880289244 0.9996550734844701358 0.9460007269892956039
0.9894516567038154076 -0.1448154491630760932 0.003728904634265220539 62.69757591160417576 0.1446969446316708485 0.9892207160888534245 0.02247596660691488293 2.469206628588778152 -0.006943576912089562646 -0.02169932128783051001 0.9997404294092109289 0.928043206015046529
0.9878921430143898785 -0.1551380067142868191 0.001145706399598360068 64.95545613511112037 0.1550758952391075307 0.9876587172554104344 0.02194823330445169057 2.777813487871872766 -0.004536572078731390331 -0.0215048157889156967 0.9997584520331195268 0.8951573362872382589
0.9863292726668266841 -0.1647760551770221238 -0.001848653787938853935 67.20648586514730027 0.1647730247648854507 0.9860439353643487559 0.0238161256508813042 3.113922593659556703 -0.002101473378167071412 -0.02379515016735726102 0.9997146466057971192 0.8637112592529541111
0.9848555307513225943 -0.1733190544686259715 -0.004482064996428047725 69.45003686307457258 0.1733764075865734944 0.9844555458965642547 0.02806954659184915726 3.472477183097786302 -0.0004525935318598825192 -0.02842153253431480356 0.9995959241851157806 0.8496522493640619178
0.9834377875381267176 -0.1811267038347764702 -0.006575347904366998439 71.69562773340705064 0.1812438221617564404 0.9829569807907355683 0.03076119053221290298 3.855666770842466562 0.0008916110765920201055 -0.03144345834526900141 0.9995051345325732806 0.8325718592190340939
0.9819784901158682411 -0.1888634736387371782 -0.006988080914649730767 73.93561532150947357 0.1889901610298651002 0.9814858367333963995 0.03111705843505037719 4.256758518154960313 0.0009818266982124894404 -0.03187696059624739453 0.99949131832121485 0.8239830317194256626
0.9805353221849530954 -0.1962208239455164871 -0.006918829221256740832 76.17431905966749639 0.1963400056862751319 0.9800994330124247478 0.0292524114533642618 4.672347896231883624 0.001041208319091129885 -0.03004146565775525288 0.9995481110113560996 0.8162016523516744115
0.9789175664258785714 -0.2041200195098444026 -0.007444177465399648246 78.41201666693658012 0.204249193852523131 0.9785272560079818494 0.02768891583438976012 5.110383387215815532 0.001632468508131895485 -0.02862563335177479781 0.9995888695667732859 0.8063457521423891272
0.9771731858793054615 -0.2123054439164799023 -0.007678755232109596082 80.64565526101860371 0.2124393715427517759 0.9767574525625826176 0.02853755914535958949 5.568575973282806402 0.001441602236718604298 -0.02951740752303011819 0.999563226832655416 0.8008048500970010863
0.975425200370782175 -0.2202137244706489083 -0.007182898884474087781 82.87444718875707395 0.2203307185694114712 0.9749402360622133612 0.03075565901818032646 6.046561734776319419 0.0002300789130973862368 -0.03158245813297159976 0.9995011232619865904 0.7973226545914764429
0.9735836675683675612 -0.2282384646944758955 -0.006484248455669789843 85.0975520867437325 0.2283278611907293421 0.9730415812750213833 0.03250336773125062778 6.540951181930016567 -0.001109075377695564225 -0.03312528254542668887 0.9994505918794046595 0.7878217496125665686
0.9715748299561357548 -0.2366401747490841367 -0.006616456032405444374 87.32391313862615334 0.2367286075798648859 0.9710152526785250648 0.03299917300415867311 7.054504806193032884 -0.001384250340136844101 -0.03362747032387330276 0.9994334780717588629 0.7724905966585129402
0.9695639363819700263 -0.2447100210264561149 -0.007923312232300118441 89.5451414376333048 0.2448377331001927726 0.9689869273321417564 0.03344875348609403082 7.583366339450961391 -0.0005076591946211530008 -0.03437063090264886461 0.9994090263818393716 0.758433284771483418
0.9674038621569989171 -0.253047065557855666 -0.009846323998353036233 91.7659493189600397 0.253237006490041161 0.9668025340945803903 0.03411566520325345214 8.132898787453775924 0.000886582023886466823 -0.03549707989195650254 0.9993693868092312638 0.7423157263010526918
0.9654292957406099829 -0.2604573768226443597 -0.0104033544809795965 93.97853091347614907 0.2606627772578168356 0.9648187568092472244 0.03434651454369957307 8.698115193249563504 0.001091548455931852729 -0.03587089861887819003 0.9993558361035584925 0.7293378228107081362
0.9635259304039844874 -0.267407249899218713 -0.01054249213766915612 96.18338233445027186 0.2676122858188419995 0.962945278322551057 0.03346722927161883271 9.27506380375166728 0.001202463284450909628 -0.03506784364116880687 0.999384210613920021 0.7200096383468734818
0.9611090819229198834 -0.2759414030978350474 -0.01121047285711357019 98.39336894100672737 0.2761588651768155378 0.960629826813394927 0.0304403847005960751 9.867073624761889761 0.002369352134104920661 -0.03235240165528636969 0.9994737156511919185 0.7155058619558789523
0.9584471378203271996 -0.2850010715437818476 -0.01238843101118802283 100.5915870220920283 0.2852384899641767224 0.95808395654242684 0.02672332424990124869 10.48710277365635157 0.004252980952118132554 -0.02914655099501904309 0.9995661012249843491 0.7085983962269817305
0.9556766226425644772 -0.2940713853483792328 -0.01429032028285140248 102.7892450294280735 0.2943417028397856683 0.9554093781250708739 0.02357715334896600887 11.12146798408404891 0.006719739866745535334 -0.02673837149024607326 0.9996198800474972446 0.7034776590346005776
0.9529845828115639517 -0.3026055807482737059 -0.01581921058300327088 104.9754619983514061 0.3029017822450490449 0.9527682131336601135 0.02198277404845054225 11.77809089651618812 0.00841993089296365696 -0.025740911834904949 0.9996331878352505695 0.7054396374365845546
0.9502839683534091142 -0.3109685757715165977 -0.01609112715540627486 107.158051624182491 0.3112765524662698957 0.9500462604660301347 0.02278180983209057361 12.45238821946736962 0.00820288822369438092 -0.02665797923974298766 0.9996109567064793699 0.7136709563922307709
0.9476965071813475694 -0.3186418914735434926 -0.01840313219092441083 109.3368577184524781 0.3190461460667734506 0.9473689008423045177 0.02649004335184965489 13.14834118029077104 0.008993717596922152363 -0.03097596996070220085 0.9994796657905454795 0.7176754563185354652
0.9449684340507763514 -0.3263692342075044661 -0.022754815104295157 111.5068007540803166 0.3269664269522083999 0.9445194700335577398 0.03123982032011979673 13.86238204766518756 0.01129664966836292292 -0.03696070467854075531 0.9992528669040364742 0.7223832806341268231
0.9422738890154015445 -0.3340181916908912529 -0.02348969347049544021 113.6478970144227958 0.3346749446800360572 0.9417034797773035093 0.03445631406190249185 14.58464229949822588 0.01061129036477766532 -0.04032869691503399023 0.9991301200153710482 0.7401681634788199737
0.9395294256739405991 -0.341801105468731603 -0.02136498521292214126 115.802511387003733 0.3423702214791199405 0.9389231940446133295 0.03472559761040544535 15.33633862592975916 0.008190832505533863356 -0.03994045549833486614 0.999168489433815088 0.7491623981837820523
0.9365619184668556585 -0.3499554366557393048 -0.01956949750948372424 117.9549184591331397 0.3504383948972251694 0.9359959143343036247 0.03323521823829958532 16.10262744644962751 0.006686124403519174558 -0.03798474305009520713 0.9992559507132688923 0.7617896561795143295
0.9332397278631326953 -0.3588147372139070534 -0.01776498511288084406 120.0871987419871374 0.3592132814887870063 0.9327384483193755793 0.03106131724220669021 16.88352307535024366 0.005424826264825094793 -0.03536907384818478023 0.9993595948781990312 0.7649962953843936209
0.9300040470450060548 -0.3672448796416110661 -0.01495562960656835784 122.21278021751084 0.3675351841437558553 0.9295545421378926809 0.02909023216181325089 17.68489517613378581 0.003218834622305932758 -0.03255075372140102397 0.9994649006022386928 0.7628585978191684269
0.9270002075833982946 -0.3748684828505725042 -0.01200981705299617765 124.324670888609262 0.3750593172844077783 0.9266116387089742279 0.02685850940062363065 18.50025607831429042 0.001060027589432153104 -0.02940223757436614613 0.9995670986817893899 0.7605831875872004488
0.9241534875853245623 -0.3818623826858935089 -0.01102052963035649556 126.4276635354397627 0.3820205288885745731 0.9238275538032881817 0.02455537296655196933 19.3325692280572845 0.0008042957012805871048 -0.02690300212401839502 0.9996377251710441003 0.7514325513665620626
0.9218055700470485503 -0.3874895325154746328 -0.01124069487064032619 128.5187904224989097 0.3876500135319386753 0.9215166202129632111 0.02312110896918975061 20.17924714590286683 0.001399299440326981373 -0.02567062255217599995 0.999669475926348361 0.7457738722018247834
0.9195716151610537903 -0.392760412947171178 -0.01128284590244533515 130.6012607915479009 0.3929164913459716746 0.9193365176273033956 0.02090450155525772763 21.03659548944194668 0.002162271597581777796 -0.02365640248369120513 0.9997178097858754331 0.7381784587224806682
0.9172937201224908854 -0.3980755182087655775 -0.01039773180382064753 132.6766110914422541 0.3982049003075379123 0.9171141652970659086 0.01828838928199829836 21.90789496612922349 0.002255747083608621115 -0.02091625239589742571 0.9997786865055715566 0.7357157988020832651
0.9146788982007743041 -0.4041025994790364284 -0.007975103792619181106 134.7378062597138353 0.4041810734996942323 0.9145206454774479354 0.01701907224694676479 22.78665797611894561 0.0004159457324630251585 -0.01879037226340894359 0.9998233588486269419 0.7273059693621823918
0.9117640019067682067 -0.4106767416799432246 -0.005569440734937520718 136.8029200425349927 0.410711572318617768 0.9116224116107835007 0.01614258382378935125 23.68492773641521509 -0.001552156732942090766 -0.01700566058947518625 0.9998541885282032915 0.7232494400173634652
0.9085812967089708092 -0.4176734596078223727 -0.005376654152716138155 138.8498746801043922 0.4177074644384572433 0.908482899129481325 0.01339015092102237812 24.59159760478758727 -0.000708112307578163242 -0.01441190926024489213 0.9998958923050110803 0.7049951311311066782
0.9052184025352701946 -0.4248980531194284649 -0.006425586884697501514 140.8762600961088083 0.4249442317735313002 0.9051606570207606506 0.01032399458292035214 25.50463740756579156 0.00142954324759838854 -0.01207598596654580261 0.9999260607510132015 0.6954791278177752112
0.9017889371021724498 -0.4321344123598049314 -0.006046699478250821755 142.8828608711175434 0.4321751599525574528 0.9017349553892098912 0.00993485526824958165 26.43066338936868931 0.00115932744104771954 -0.01157237588681680335 0.9999323657509134877 0.6949587873390390413
0.8983150964624813106 -0.4393256449724081136 -0.004792195444740297502 144.9104597412024589 0.4393508618207567218 0.8982374668858020827 0.01184370296554100414 27.38695074401794116 -0.0008987129470927193243 -0.01274483237062309753 0.9999183774503214162 0.6922908621811190155
0.894537776574493626 -0.4469630409057994136 -0.005119213357734626706 146.897308084106669 0.4469917514753410925 0.8944590658961215635 0.01188921987535262841 28.34318701128096052 -0.0007351150714030173401 -0.01292360245745298106 0.9999162165428429061 0.6844340097727095173
0.8903594785973817372 -0.4552287624986275927 -0.005174230934802334647 148.8824509427601583 0.4552578031397350733 0.8903156338004356574 0.008854653630199400133 29.31815982638995521 0.0005758056797187084902 -0.01023943379766051841 0.9999474098387987064 0.6730990592130181582
0.8856468891413995514 -0.4643448454744352194 -0.003667728927331163555 150.8528986052678249 0.4643582566287935975 0.8856342008941548993 0.004844760803091309638 30.30873553628029171 0.0009986264711812761416 -0.005993887544374501899 0.9999815378582128655 0.664096135982377378
0.8809101178592522174 -0.473276615929474842 -0.002570810678111165072 152.7884659803434317 0.4732799157879328811 0.8809116954732919558 0.000840291697709635247 31.3042047051574599 0.001866966782110100493 -0.001956934519708716617 0.9999963424144711066 0.6567584254243521436
0.8759571545510000945 -0.4823799721734390311 -0.002936977505444752362 154.732562869187575 0.4823774352960777945 0.8759620770054261651 -0.001565108787976372904 32.32851108593034439 0.003327658049380048059 -4.576343612016343606e-05 0.9999944622834739949 0.6557977486671824341
0.8709139915664745324 -0.4914137714223847375 -0.004617851251276746012 156.6603651057369007 0.4914126443199272054 0.8709256565058509647 -0.00145390589415974247 33.37082014931228002 0.004736274511406839138 -0.001003043508821304438 0.9999882807350654046 0.654369163840483381
0.8656419351051701794 -0.5006111830365446158 -0.00724455700009694805 158.5737508473779656 0.5006281292095611235 0.8656622253416428325 0.0006227846254619405194 34.43276612439240836 0.00595956638618882692 -0.004165937506249188169 0.9999735639171580814 0.6568099900815951298
0.8602606379250756774 -0.5098040763483050464 -0.007172069115217582537 160.4723430854554351 0.5098319624455583954 0.8602697895135127393 0.002694312395992970975 35.51324878205573299 0.004796342945691610404 -0.005974360972352912337 0.9999706506219666613 0.6632322211171219895
0.8548320456586839811 -0.5188993554940197761 -0.002373306318328121615 162.371961153951446 0.5189041605457365147 0.8548291630591681178 0.0023609641857912202 36.62298040807340982 0.0008036686594279364134 -0.003249746367496744812 0.9999943966169174692 0.6656394950145851919
0.8492197765352931249 -0.5280305834604237525 0.003077998016762876002 164.2428215337033919 0.5280349872447550608 0.8492222480192864742 -0.0007910211759300040052 37.74217811477633688 -0.002196221022138404328 0.002297041469778729472 0.9999949500941032188 0.6604340289590822088
0.8438504818248302453 -0.5365753062746536628 0.001817971469393929148 166.0991953638229575 0.5365783459091425511 0.8438442657042616313 -0.003245603094053709382 38.87546430928300367 0.0002074256745758144924 0.00371428785868679022 0.9999930804962063879 0.6459595628331566974
0.8395978831796665487 -0.5431627148117509352 -0.007046970877732050727 167.9253610653587998 0.5431797729413871956 0.8396161910894788249 0.0006212308257646466164 40.0175328596851827 0.005579321425232794222 -0.004349356127569016517 0.9999749768237751191 0.6339123490362659208
0.8362445513865538471 -0.5481439828644296686 -0.01527168379129173123 169.7695644786446678 0.5482977359630674119 0.8362386677720388128 0.008630368510100303384 41.19527391673346273 0.008040087939551503887 -0.01559052829013859824 0.9998461343694632353 0.6328660079225667534
0.8329665630362552697 -0.5530783804634445966 -0.01646237915677495681 171.5881474513435876 0.553302542303770295 0.8328244236628583597 0.01611756901062745204 42.37870379191119952 0.004795992467954922865 -0.02253407230309418738 0.9997345717947770938 0.6463562176212003241
0.8288847971919296453 -0.5592801999343681718 -0.01247601480709537719 173.3994386863772661 0.559419326868887623 0.8286825570817432096 0.01830945968684007802 43.5729708100686608 9.853757818731888644e-05 -0.02215575658461181943 0.9997545262415715728 0.6552125350601407661
0.8240803104972823645 -0.5664001829372757868 -0.009081553794545267275 175.2069664398235886 0.5664721537891383996 0.8239457434533741242 0.01492349913932925799 44.7773194326025461 -0.0009699650496219568672 -0.01744260914219235986 0.9998473956330111712 0.6471477726968941635
0.8191234437684523639 -0.5734967258083958352 -0.01175964948290139644 177.0039418555583097 0.5736082335639964835 0.8190535136220221668 0.01117748679317622992 45.99685752088392121 0.003221530149280630619 -0.01590117324192174414 0.9998683785544113523 0.6389427446770112873
0.8146433506987424966 -0.5797367422148567151 -0.01617160747824149605 178.7914610361779921 0.579929944689043908 0.8145755373297478563 0.01216360295779809336 47.23247782691697694 0.006121308298725474696 -0.01928739770049929178 0.9997952419744028374 0.6306990327444079725
0.8107456652031181932 -0.5851913175765451891 -0.01557524277115242446 180.5702897547644739 0.5853899912040430031 0.8105907016921761743 0.01616392676040985174 48.48246785033836659 0.003166157368759420308 -0.0222224247824687228 0.9997480378997019024 0.6281865586583506023
0.8068200327918603199 -0.5906959876911975771 -0.01094005535918373198 182.3432819179606668 0.5907966701533584608 0.8066540853938726219 0.0163853914533259766 49.74624663679551162 -0.0008539446383086040336 -0.0196834103471790825 0.999805898230081036 0.619714960368180412
0.8024915952614788406 -0.5966244520871862855 -0.006819289284938198116 184.1117210558542467 0.5966602932728435338 0.8023979595118939656 0.01241003637035068344 51.02269605775703809 -0.001932347342286796403 -0.01402774902875927703 0.9998997391193453765 0.6040503319956240791
0.7986253603008770519 -0.6017852999059183361 -0.007210180402603762022 185.9119024886889235 0.6018278424068899124 0.7985847858660630738 0.008098634892479686029 52.34097452004018436 0.0008843009452695869705 -0.0108070625240153078 0.9999412109776455448 0.5894280881889213397
0.7953878216083895003 -0.6060138219368270684 -0.0102694137408345619 187.6268803075401763 0.6060807696412147116 0.7953851679971435384 0.005341835009489395887 53.61456859783600493 0.004930913523229255371 -0.01047292469539827867 0.9999329997255570479 0.5751762125514134905
0.7922345014580729483 -0.6100435267810293549 -0.01453926174337084529 189.3660514832534432 0.6101681998196419876 0.7922471505864530084 0.006262612594084998076 54.91623290164002924 0.007698222414057276537 -0.01383285293095915316 0.9998746869240435764 0.57240714029845563
0.7889821876922837873 -0.6141677123784471393 -0.01746792993238875658 191.1061374004555091 0.6143650026968860978 0.7889642609699069054 0.00954140311818556415 56.23601625619988198 0.007921550703804600829 -0.01825968192586106126 0.9998018969027882008 0.5749050879516490742
0.7859580330046435082 -0.6180665306633786882 -0.01623989006140086344 192.8438467334701159 0.6182597211171722007 0.785873223300298962 0.01257752534145234989 57.56900937674115681 0.004988747296473404827 -0.01992587697776918021 0.9997890136559206553 0.5736401916795421663
0.782673579321082058 -0.6223233836120444229 -0.01164793725868115866 194.5746407772474811 0.6224316759910240027 0.7825637911567548954 0.0131423549401132652 58.9168181601940617 0.0009364591453477935342 -0.01753621909144575941 0.9998457901417827642 0.5691154031394112245
0.7790980457141891691 -0.6268669873521629521 -0.006634405199751233252 196.3477564414828578 0.6269016399193890754 0.7790411181992905609 0.009448281387626064273 60.30143493001449428 -0.0007543412437152748019 -0.01152025706407098365 0.9999333551024617295 0.5619658358110493079
0.7758403094886067164 -0.630923649983228807 -0.002676203367311737712 198.0798442661760532 0.6309290306649386615 0.7758288642701290927 0.004258125118222169658 61.66232565191455706 -0.0006102760226566377247 -0.004992119505962937936 0.9999873530730347682 0.5433660810080434
0.7729516510460037182 -0.6344611064653794541 0.002202164386090827222 199.8043168296288172 0.6344640195308849373 0.7729517624455434222 -0.0009903802507713020675 63.03392345057062585 -0.001073809093697892765 0.002162710118063983049 0.9999970848052385231 0.5291376137352250542
0.7706797941677504538 -0.6372182457142955281 0.002358429636317301795 201.5223932533882589 0.637222083568698916 0.7706691208341206467 -0.004137922803729484483 64.42165000031594957 0.0008191910155238917805 0.004691856941464559415 0.9999886576379358738 0.5058783154642658708
0.7691939469430808529 -0.6390153246115825025 -0.0002947841227203141915 203.2329178411713144 0.6390104020266670348 0.7691896810209124524 -0.003597320206014715475 65.82232592157683371 0.002525487644503565405 0.002578666806911969391 0.9999934861736132774 0.4850866638999935532
0.7687816355339642804 -0.6395062994445119831 0.002547515752472093511 204.9507867576115814 0.6395095429101900208 0.7687828665675783268 -0.0006697752883508879297 67.2243262949001803 -0.001530160946698900072 0.002144071576038565369 0.9999965307762592737 0.4719349696870400734
0.7693771601315344544 -0.6387377818400304941 0.008534138387264026543 206.6652736376021835 0.6387347678173286303 0.7694193496465019377 0.003429398037170966126 68.63231792166429557 -0.008756817303031070795 0.002812550378510781345 0.9999577029610250412 0.4585567754803858698
0.7709308449260909857 -0.6368183205409817527 0.01131631410429136987 208.3847956642048302 0.6367837190444910478 0.7710115890137023698 0.0069010699483788027 70.04595120525598873 -0.01311973709379028914 0.001885796895008561534 0.9999121542758946379 0.4236918519764230062
0.7730573647881653354 -0.6342603916691332833 0.009801342076223441835 210.1191416924488919 0.6341779375627334403 0.7731173694316063605 0.01038636566999169217 71.45844120332225202 -0.01416524816073695681 -0.001813461571323822605 0.9998980233512185789 0.3887869393430263276
0.7747879565907264121 -0.6322097111133047065 0.00380834557235205538 211.8484594431355958 0.6321755704451894609 0.7747903603137160644 0.007344773464262867486 72.87057606279446986 -0.007594106548236088244 -0.003283098989343945229 0.9999657748176985494 0.3508468504021207135
0.7749517337028936081 -0.6320198642568234382 0.0008376250151714329482 213.5889468046298134 0.6320147953119802375 0.7749385662509232775 -0.005245669043997488491 74.26739682154068589 0.002666259108810655181 0.004594531722589221753 0.9999858905707693646 0.3086228798938996931
0.7745158867059731556 -0.6325515136439032737 0.001929721966255599315 215.3398048695269154 0.6325274373003118011 0.7744510022159267759 -0.0116054396317739443 75.66917672492240854 0.005846563294816813257 0.01020919945703381224 0.9999307925772094041 0.2899299594031925498
0.7745318294775440648 -0.6325107340832500924 0.005533208439663867342 217.088611518442292 0.6325310832007629003 0.7744669458323871769 -0.01026540783037702652 77.07660975459754127 0.002207693601535251453 0.01145081143511121266 0.9999320001912326283 0.2964856457913032095
0.7750037499863369206 -0.6318892601774793727 0.009227696325372894068 218.8409445143180676 0.6319545796303355223 0.7749558398873560572 -0.008766727367069099275 78.48771734621762164 -0.001611456285899868276 0.01262573153684381708 0.9999189937748947932 0.3047961067005191538
0.775681945189106048 -0.6310602991710293486 0.008967648399416962984 220.5955683371608416 0.6311236722333167792 0.7756179864603666152 -0.009982455905209745156 79.90345299346026309 -0.0006559377848370445208 0.0134029060034548328 0.9999099618747104845 0.285272121821536162
0.7759551550891730098 -0.6307510981316882814 0.006830043646043015143 222.3511576242451895 0.6307846818885624041 0.7758699692333208553 -0.01168229158303147816 81.32076170772639045 0.002069392491174049543 0.0133732212856623716 0.9999084330913317054 0.2827769068837306943
0.7760098825616592588 -0.6306969968151743267 0.005473607125083133212 224.1176121661684135 0.630699486885032079 0.7758832456507738229 -0.0149447770601684321 82.73662343251262996 0.005178745948293837775 0.01504949589657167235 0.9998733386102772736 0.26321745966267307
0.7758462812463519098 -0.6308904047312102747 0.006312297069714874198 225.8912386831263746 0.6308951237386474231 0.7756821077034262713 -0.0169885441273532993 84.15876776865952991 0.005821573584813350549 0.01716289622586947283 0.9998357586494577287 0.2484739723602797934
0.7757678306229176535 -0.6309606312003034345 0.008541360894307443649 227.6666479825127567 0.6309975426094937001 0.7755609075473200997 -0.01863813040938946952 85.5860459331653658 0.005135580920623677818 0.01984843972940792539 0.9997898105346522124 0.2349968987051169744
0.7758782955214258426 -0.6308113203074897646 0.009484129411206047508 229.4573797291916151 0.6308699069787533364 0.7756795876942781387 -0.01800937819731315143 87.01447911787538203 0.004003874047240544957 0.0199563374985540741 0.9997928353345295616 0.2255225471814439331
0.7766656676975944862 -0.6298403745291950573 0.009567822781229718201 231.2496349115736223 0.6299007409727760409 0.7764659809567793225 -0.01804541323367371553 88.44851070040009233 0.003936640928182990468 0.02004203157740301264 0.9997913881547755288 0.2163808000373321772
0.7774277810849320458 -0.628899357612784482 0.00957304505296207621 233.0490962489111553 0.6289548050634696796 0.7772029763118510903 -0.01927139848514300424 89.88741750540893349 0.004679571020076854666 0.02100313324785782129 0.9997684581986174823 0.1949053899948423041
0.7779041443222394214 -0.6282901477643514365 0.01079965131538768511 234.8546678811896982 0.6283649930721975085 0.7776370558569669633 -0.02092952076579311996 91.32856933863878623 0.00475160264139731954 0.02306728376636456995 0.999722622876955902 0.1850690971703345955
0.7779586666609350498 -0.62819611831349631 0.01224540334149518302 236.6698348406418404 0.6283022810297237415 0.777668382899179611 -0.02163630957028137014 92.76880272509426106 0.004068982672151139936 0.02452596939634974632 0.9996909123349991821 0.177963858774345951
0.778023122920490251 -0.6280729428973936823 0.01429680388251006358 238.4890310899235715 0.6282261675596167994 0.7776849325861154849 -0.02319543105625071142 94.21563481615258695 0.003450013681706229698 0.0270282080193318501 0.9996287177631801857 0.1703637891326408305
0.7777887268555192524 -0.6283337964988867652 0.01553501058145596511 240.3131754196927545 0.628517013777315281 0.7774094478699027366 -0.02451354227889144047 95.66330843723382316 0.003325623086949051899 0.02883037529947361788 0.9995787861350274861 0.1579095226946378716
0.7775484265226089153 -0.6286222511942468616 0.01589055429153832244 242.1408665086835299 0.6288125555935428768 0.7771410470869694054 -0.02542760036823013894 97.11757476460753935 0.00363515338502606259 0.02976337071042320717 0.9995503626250261675 0.1480309385784708276
0.7775970991457593628 -0.6285435852409242408 0.01660460335524608158 243.9716442994163117 0.6287534984330110932 0.7771700994457257927 -0.02599374416605324672 98.57511988637023137 0.003433599911113038167 0.03065286250916349903 0.9995241930096763205 0.1328648092248427837
0.7775203325761721462 -0.6285968824194684279 0.01811330569398410251 245.8113058137263636 0.6288497738156203498 0.7770422912637320323 -0.02744521014043339521 100.0336903588445097 0.003177168972809802077 0.03272975710472779409 0.9994591880598145961 0.1133053503925529615
0.7775696677225449882 -0.6285183586990005233 0.01871054825935279664 247.6472950983871613 0.628787550524948502 0.7770525528052901754 -0.02855777448641676555 101.4980240832920089 0.003410006258982187406 0.03397061902727573773 0.9994170145140702788 0.09489712742818467994
0.7777328799484516386 -0.6283446134803990502 0.01773736613072029317 249.4807457145418823 0.6285820254272650454 0.7772265465893364311 -0.02834665035892285079 102.9638603165672492 0.004025513239871000327 0.03319551154873000981 0.9994407702591353582 0.08448675158355145598
0.7777222433437536164 -0.628364795205587523 0.01748703389941546824 251.3208108788979018 0.6285951758825583102 0.7772270868472219707 -0.02803855074993264612 104.4412863234455671 0.004027041784601597535 0.03279846973901262563 0.9994538725310159188 0.08321200775382342485
0.7776887786888735388 -0.6284208577302532461 0.01695255352390948739 253.1194117377212081 0.6286324239706886363 0.7771862543256964351 -0.02833375407407790272 105.8735865482032779 0.004630230463446992524 0.03269176741576859668 0.9994547560090394356 0.07093507474698190762
0.7774549158390759995 -0.6286964215383418209 0.01745460920613402592 255.0213667511798121 0.6289222071317254192 0.7769342994085648435 -0.02880888368336489633 107.3812724278125472 0.004550957505227807079 0.03337519958601173342 0.9994325314088887691 0.05527305269572369006
0.7770158315270717653 -0.629201743100620603 0.01875004094485684461 256.8784334850194 0.6294705208231335947 0.7764857449451376681 -0.02892665400020434652 108.8526693468921849 0.003641561608178113963 0.03427906615027879328 0.9994056657098351337 0.05250237847317729134
0.7766619456000241062 -0.6295492633647882252 0.02153943484954367119 258.6741876243349338 0.629914895294511612 0.7761036097588057681 -0.02950273894837514982 110.2858408300738944 0.001856594433297755354 0.03648166548012790611 0.9993325978576433899 0.0509415687824175123
0.7763428736681867726 -0.6298978189106332337 0.02281403594827263043 260.5921092192586457 0.6303103683508027855 0.7757897965926573436 -0.02930923151839407922 111.8127090865839364 0.0007629246996152150469 0.03713393642412042561 0.9993100063101300057 0.04633937616204875098
0.7762716108504118528 -0.6299375828332965943 0.0241045207762037271 262.4543744491407438 0.6303976964995133825 0.7756383306294599711 -0.03136756774842536927 113.2986562854423482 0.0010632195513249512 0.03954518671707307753 0.9992172175116367239 0.03533971308900718533
0.7760093651778311452 -0.6302570444784239001 0.02419758338391392663 264.3209924799520536 0.6307181544884297164 0.7753113061198724232 -0.03296950411223911054 114.7792184077701165 0.002018602241372231213 0.04084649909134864532 0.999163394424040896 0.01781629260766215417
0.7760024785210293263 -0.6303178005258824879 0.02279525541496043792 266.1829979130957327 0.6307211646230296287 0.7752950777374434388 -0.03329196498647577634 116.2768969382557742 0.003311468826473472262 0.04021209738754379787 0.9991856791397212278 -0.009251355909225988938
0.7759579347331752031 -0.6303851341867372504 0.02244696240017365549 268.0471795846083864 0.6307715125125802347 0.7752205718661508982 -0.03406411540184042797 117.7737179015509952 0.00407216493002106935 0.04059122506019519766 0.9991675384643434743 -0.02227272003940306
0.7756403109667178164 -0.6307690352621423413 0.02263917308383044807 269.9219494228076996 0.6311626444563943616 0.7748997523542459076 -0.03411876381318148382 119.2708548220412439 0.003977970118612252776 0.04075288892575253119 0.9991613372213421496 -0.03642445183361853189
0.7750922307516007193 -0.631410322008334135 0.02351678315244953854 271.7976378697907762 0.631837833256951642 0.7743303228891421641 -0.03454712027879470321 120.7669290669267355 0.003603650047944214913 0.0416359978351521498 0.9991263470605722397 -0.03574218612807511519
0.7750152300564328023 -0.6315111027243727193 0.02334781181227240862 273.6760145622977802 0.6319325041430927659 0.7742654002451585527 -0.03426952276651062945 122.2665455429376067 0.003564181254439381923 0.0413136432556023836 0.9991398698345164142 -0.03324942559164445477
0.7750925379771919088 -0.6314289408543272142 0.02300109179273776214 275.5503766196125071 0.6318361124248238481 0.774343779552385203 -0.03427591143080809671 123.7775281500322535 0.00383205009895197209 0.04109992360223643781 0.9991476926220314025 -0.05716021926534575748
0.774900836307511387 -0.6316151261469750144 0.02431103272714286306 277.4292623689157153 0.6320720763165003087 0.7740900305246795066 -0.03563025376346713041 125.2864811807794325 0.00368567915962051719 0.04297623837240311523 0.9990692962475079542 -0.06945853982702554497
0.775162159706961007 -0.6312781826222146897 0.02472816822236555828 279.3000028069595828 0.6317501659106529166 0.7743104645981185863 -0.03653809362443936892 126.803331513191452 0.00391842191479610958 0.04394497194264154055 0.9990262686289375083 -0.09066818332787773826
0.7749750529632521978 -0.631513967329381698 0.02457186098994400963 281.18471272555513 0.6319778480333304582 0.7741133766456134158 -0.03677607501470595008 128.3111586973383851 0.004203198753947716762 0.04402941251290123231 0.999021393141309888 -0.09755247881779349761
0.7747796324069755602 -0.631817089841284818 0.02288419087059114301 283.0787597502848598 0.6322159738368547943 0.7740003513129730672 -0.03502025974934405705 129.8161533563782086 0.004414026826965769014 0.04160073499211282971 0.9991245644139107318 -0.1009428932656917244
0.7746689346219158834 -0.6319572077527378928 0.02276245375851996752 284.9649719913044805 0.6323522444203721893 0.7739028014684781187 -0.03471444736358545585 131.3296162245371477 0.004322118492555563837 0.04128609267785236098 0.9991380174145773063 -0.1090993665168580318
0.7743151986778795681 -0.6323680175678196846 0.02338083518144045206 286.8567072645535632 0.6327897715633744591 0.7735626920735796386 -0.03432005880893451016 132.8399709028194309 0.00361636574593316145 0.04136969650870124526 0.9991373629834736647 -0.1141483894898931428
0.7739953721739416537 -0.6327304751122261317 0.02415180567945806114 288.747192607936995 0.6331817984432521751 0.7732121310617252607 -0.03498300300366110477 134.3558145651423104 0.003460342972956474 0.04236916618535200435 0.9990960313119392477 -0.1254113331849728841
0.7737996527182888773 -0.632948378388716093 0.02470724080406926787 290.6336059471565818 0.6334198471600523961 0.772972514859499249 -0.03595536810431960995 135.8791701267112728 0.003659873876437796589 0.04347230804634091839 0.9990479286582464313 -0.1426863464373817614
0.7736897114717683488 -0.6330738622628331314 0.02493421910449965251 292.5244140978908263 0.6335540490517930223 0.772849105233592848 -0.03624261952057494102 137.4005656610632684 0.003673866193801817934 0.04383771731345503797 0.9990319100248677975 -0.1353829661868721779
0.7737451899099814234 -0.6330098898122499262 0.02483667632856613808 294.4073253224383393 0.6334864277893018647 0.7729115402919641831 -0.03609288974650205067 138.9286638036051329 0.003650602404593935365 0.04366039719684972759 0.999039760379283881 -0.1436550135226783986
0.7734411854100077255 -0.6334117388223103884 0.02404790705361733658 296.2994084273474868 0.6338557192981828514 0.77263245938332481 -0.03558103174808560643 140.4494847668927662 0.003957249618788762774 0.042762738796436911 0.9990774185948165798 -0.1534568094680164307
0.7733989549261133245 -0.6335122349446062895 0.02272233911123306555 298.1914981704973115 0.6339057922822208813 0.7726485689295184978 -0.0343166933461992868 141.9720697109291052 0.004183662300633947742 0.04094431714728192367 0.9991526709482876356 -0.1664745169555297277
0.7734209147712395316 -0.6334279296259482939 0.02427234154760809018 300.0785878622949099 0.6338804526471153444 0.7725996077478382018 -0.03585272457951862307 143.5022602522246871 0.003957315543050258719 0.04311500988833579656 0.9990622781268549968 -0.1702581089665899938
0.7735083856460404084 -0.6333852638459293027 0.02253630133981413333 301.9732582833709102 0.6337716243754798473 0.7727615677422523532 -0.03425036579369646061 145.0281180190111741 0.004278489420593430646 0.04077581346041782295 0.9991591602767394553 -0.166490315699608038
0.7736667267136325687 -0.6332328943257037324 0.02135175683885540826 303.8819703517655171 0.633577080442857099 0.7729710033533867541 -0.0331045482126561541 146.5438509033182868 0.004458599972957453909 0.03913987121530713986 0.9992237944362265534 -0.18288904206612977
0.7739805978989584556 -0.632839607386241676 0.02163481913948618954 305.7804722936093071 0.6331992475830096057 0.7733237589224339903 -0.03207922608773064455 148.0727120086511945 0.003570285182059461555 0.03852784978823477896 0.9992511485379509395 -0.189100714393186653
0.7743388274075861943 -0.6323897813624274056 0.02196690231747984098 307.6753562208812127 0.632760081554289977 0.7736527864329367787 -0.03280312844777328457 149.6020038268885912 0.003749608039872552936 0.03930051491945286968 0.9992204010960811233 -0.2024033224174177636
0.7745663936427888974 -0.6320950105173560596 0.02242319152724841017 309.5716208522326838 0.6324778334191529794 0.7738190641367033162 -0.03429061405123559614 151.1279643727280586 0.004323432966788942622 0.04074252885695908016 0.9991603246074783895 -0.2181720376137834538
0.7747779270823942355 -0.6317754022773062195 0.02406251822349564709 311.4738821978923511 0.6322242744002444237 0.7740000170373324551 -0.03487750686751477092 152.6555265601758435 0.003410361416706898362 0.0422352305967072586 0.99910187405061468 -0.2321649404049384025
0.7750005377453565991 -0.6314316157206676383 0.02585113465198583815 313.3805311734413408 0.631952524137361582 0.774135529068077699 -0.03674492986664697897 154.1827296911715734 0.003189628634414343016 0.04481403020120408587 0.9989902546903548508 -0.2500280913118448911
0.7749120759935153036 -0.6315648736072088099 0.02524054090012543827 315.2937055450233856 0.6320590660614766598 0.7740573834991532065 -0.03655822834792278597 155.7038296381355451 0.003551265818604865815 0.04428292533195361119 0.9990127181548442703 -0.2494935858249789362
0.7750562646637513264 -0.6314267282119577773 0.02425022690647617857 317.2010781889835016 0.6318788793846834562 0.7742195005287780818 -0.03623874706065527418 157.2304195495629813 0.004107114927768737954 0.04341027413541444224 0.9990488875457788076 -0.2616343941567020881
0.7755533433689018041 -0.6308032528848237508 0.02458185792903825814 319.0997022031255028 0.6312721878064746495 0.7747355170123988444 -0.03578133006971719737 158.7610773046887971 0.003526540988744373585 0.04326817340096730802 0.9990572699696441683 -0.2728888790176671186
0.7760030551868619675 -0.6302350029958685429 0.02496195784496055975 321.004728393142102 0.6307204914490168735 0.7751771027166310946 -0.03594608588094361235 160.2949665297441015 0.003304543382475038683 0.04363829078512473231 0.9990419308369324902 -0.2848673564627746124
0.7763473654145672809 -0.6297838972464270269 0.02563222547814145158 322.9069408098835083 0.6302975084928412741 0.7754933997233750542 -0.03653816871708849556 161.8290792386992507 0.003133528614375445057 0.04452223887658389445 0.9990034790949625654 -0.2949322308342050558
0.7765540318360611982 -0.6295382382756904427 0.0254055542725920569 324.8117966258234901 0.630045070251162076 0.7757457000723492202 -0.0355220814630708287 163.356051912928649 0.002654259099229179953 0.04359145980580163282 0.9990459146308708904 -0.2917357349007756451
0.7765155974969706332 -0.6295221509851992581 0.02693303293152830499 326.7310365599043962 0.6300936142471529333 0.7756404466114308338 -0.03693148880535838258 164.8754967623220864 0.002358840580224025145 0.04564820915860980793 0.9989547922061983165 -0.3028603298463095062
0.776422634664898248 -0.6296049266393025645 0.02766818988543555402 328.6525919425532152 0.6302072490652662617 0.7754869207532197883 -0.03819501232201572699 166.3971617768195586 0.002591448553918161441 0.04709216593243346211 0.9988871869746775989 -0.3111711459918300449
0.776954069412597037 -0.6289399633876000539 0.02787286273796851094 330.5529878801660288 0.6295489435764912711 0.7759540357319210102 -0.03954063824811761274 167.9358373399216759 0.003240627243164879556 0.04826859108518698205 0.9988291352627444164 -0.3209950676561608152
0.7773745845979764812 -0.628440464327014281 0.02741054573645181069 332.4639569588499057 0.629025316861517525 0.7763443039557242908 -0.04020786568284074464 169.4651284529978739 0.003988228728510428978 0.04849850009998827455 0.9988152929944857927 -0.3487023364619270538
0.7777010888822331047 -0.6281107110693679996 0.025650555380377877 334.38868699516064 0.6286199304379286312 0.7767603331399244304 -0.03847554959409056619 170.9875150750295063 0.004242570871842552341 0.04604692715357397437 0.9989302683831894347 -0.3512131390621524574
0.7780865411122093178 -0.6276665538037375924 0.02481998743307598301 336.3039747985386612 0.6281443510072188818 0.7772114684790770722 -0.03710805252659394454 172.5147604132673393 0.00400110456724206854 0.04446381113598450036 0.9990029833096123468 -0.3635702426558362621
0.7783467265305911154 -0.6273009933545155015 0.0258812100866877004 338.2179754149631776 0.6278275410133109524 0.7774798277337469088 -0.03684692948242233174 174.0446358478170339 0.002991996706648442257 0.04492862343252098517 0.9989857189931026227 -0.36946459791932873
0.7782288112406898772 -0.6273700209187610399 0.02769068809719418475 340.1437337857479406 0.6279757157258583078 0.7772876586828478818 -0.03834574445662205372 175.5667237651296659 0.002533340383511373944 0.04723084280139328017 0.9988807885202174441 -0.3743975752726587114
0.7781733637278432925 -0.6274200842934849476 0.02811145335357141326 342.0248863879315309 0.6280425225220295227 0.7771732928480552527 -0.03955076216556382279 177.0609024439189341 0.002967471762250024556 0.04843253770831407179 0.9988220479156799669 -0.3885831258783540854
0.7783109249434848609 -0.6272896582413723943 0.02719905838515818824 343.9887220585597447 0.6278721578884205456 0.7773687811931553338 -0.03839702299405938629 178.6212955858178475 0.002942356564957737414 0.04696235396240502902 0.9988923264537347135 -0.3878743145361178701
0.7786540308858407311 -0.6269283963112719515 0.02566488035836051243 345.9063227069592585 0.6274437525043985442 0.7777622459944585342 -0.03741959578689366822 180.1538141419752037 0.003498232186595734948 0.04524018793320973286 0.9989700134475191229 -0.4030670247401992867
0.7788218093254869467 -0.6267249888764419019 0.02554168429839184448 347.8277438644844324 0.6272391740982077302 0.7779892529340119989 -0.03610735099361599837 181.6832728473578129 0.0027582232638495097 0.04414193739519889359 0.9990214620154189706 -0.3994257540505348203
0.7789665081760945853 -0.6264951477259802504 0.02673965249857744239 349.7502210115734442 0.6270609096454599074 0.778088521867645766 -0.03705222979026525504 183.2159888973921795 0.002407225488156569237 0.04562983687922265996 0.9989555161526586513 -0.4086448288504896942
0.7788464358100121165 -0.6266177974252044036 0.02735626758215234725 351.676160969242062 0.6272096448859414419 0.7779246459257422863 -0.03796454429279633169 184.7379893013720107 0.002508144352307919728 0.04672666488520232225 0.9989045640103032531 -0.4137634920250519155
0.7789345879515604532 -0.6265464060838915605 0.02646712519508005387 353.5944777650343553 0.6270980455426253819 0.7780303408599156256 -0.03764080203745591435 186.270162786246118 0.002991482801573029041 0.04591720510617865875 0.9989407696684948768 -0.4325750668584027459
0.7790733934221441004 -0.6263066723494700172 0.02801070924197826897 355.5188472033059384 0.6269283562460037373 0.778123091160860314 -0.03853947504768885646 187.7945253974514799 0.002341750710237231956 0.04758578750846918781 0.9988644097327774585 -0.4436081558751754361
0.7788731055916626733 -0.6264516507727182493 0.03024920875221437377 357.4504611624666381 0.627178872879869842 0.7778226896080986386 -0.0404786974093711005 189.3218438399385093 0.00182942590306565088 0.05049943341226376808 0.998722414100086886 -0.4640312845771777939
0.7784451563708290056 -0.6269472184509378154 0.03098909161991731873 359.379538994138727 0.6277084229432871032 0.7773101288773149875 -0.04208443074087294539 190.8487980461179347 0.002296581992212577954 0.05221253509803949755 0.9986333545850494264 -0.4786591683923400176
0.7776848364131536684 -0.6279128890397669416 0.03052374470440331888 361.3222462170226095 0.6286469037453608077 0.7765220308077753764 -0.04262166211610543542 192.365233292033821 0.003060330769279208472 0.05233487792955716922 0.9986249020166084733 -0.4898156327022646916
0.7772823669316268891 -0.6284514877682016998 0.02967911014672772879 363.2481328060511032 0.6291400701433346176 0.7761130636825838147 -0.04279351027052626794 193.9000323280515374 0.003859300092986330411 0.05193495839189157803 0.9986430122419246436 -0.4968843965513205507
0.776708609275086892 -0.6291877092141316963 0.02909575315804134588 365.1720793516330446 0.6298507291821671128 0.7756160486068808257 -0.04132558641013048262 195.4348194674242336 0.003434417949639446011 0.05042392009078656284 0.9987219998858667402 -0.4986046994619959261
0.7763419047749187119 -0.6295868043922921986 0.03022751437933294053 367.0947599095526357 0.6303067780385618324 0.7752465680435924877 -0.04130525747745310977 196.9692996856169884 0.002571468276764330135 0.05111960946381604448 0.9986892274772810607 -0.5082453506596054105
0.7758037142064702074 -0.6302153521782088985 0.03093876051721514142 369.0242357092644738 0.6309691213826693623 0.7746650352648112303 -0.04209573612316237778 198.5052790028906884 0.002562203158941712966 0.05217943097682091469 0.9986344386700808373 -0.5148100151386271195
0.774926220246213493 -0.6313575972564793304 0.02961313157101592985 370.9544277701926944 0.6320434840173925206 0.7738262409738299041 -0.04140027888152734287 200.0370511353597465 0.003222962313326554161 0.05079894848161146947 0.9987036994760204456 -0.5216683168323869024
0.774817955155288951 -0.6315757718227932305 0.02773410924150471191 372.8686414317695608 0.6321758765079866782 0.7738335030952432358 -0.03918380594969105707 201.5783783088860446 0.003285959576050929368 0.04789315122005776554 0.9988470596321927797 -0.524369272935889752
0.7746891858416437016 -0.6317621997340183704 0.02707745053075525168 374.7815137743528453 0.6323358407388909308 0.7737786922342622109 -0.03765527800023268229 203.1260818837866964 0.002837227000297259504 0.04629317910307186729 0.9989238668244341257 -0.5214352716446383207
0.7741334917094361279 -0.6324794406251255108 0.02621248176508301359 376.708295212796088 0.6330173520073292259 0.7732982868684046274 -0.03603875114400890284 204.6628348569927311 0.002523701920882861875 0.04449176005643230153 0.9990065636499568802 -0.5296984353578038096
0.7738650164405080911 -0.6328792747438112265 0.02442867023150764594 378.6269834987994614 0.6333450490199737937 0.7731214812794743318 -0.03401799620962876053 206.2025421596920296 0.002642955054316577929 0.04179711454130448367 0.9991226231071949071 -0.547652896661713906
0.7736363355021353971 -0.6332016332199498221 0.02329188868288063416 380.5376224537725989 0.6336239567094260616 0.7729473469644049244 -0.03275790445952440205 207.7467225738211596 0.002738955041411088049 0.04010100383127784135 0.9991918772773350499 -0.5628726772417544932
0.7731958365135316313 -0.6337269389284854171 0.02362975400785837649 382.4495648052938463 0.6341647037548484578 0.7725485368050435397 -0.03168417257735572229 209.2919038409162056 0.0018239818160953982 0.03948322627038110266 0.9992185686493303409 -0.5619416182720352593
0.7725679524365218764 -0.6343786995090736625 0.02650329181849827784 384.359463514410777 0.6349310959969534096 0.7718195335979541882 -0.03401633273508507249 210.8329809002397042 0.001123478592387382223 0.04310769265239030451 0.9990697996787009094 -0.5630998423756461424
0.7720941396027234394 -0.6349272453759351453 0.02716675671583466956 386.2712616423676195 0.6355066406043113902 0.7712925775907057968 -0.03520041905017298745 212.376424158983184 0.001396187291469187883 0.04444269155679333311 0.9990109598138725566 -0.5745652094022523082
0.7717709715292526695 -0.635342569568918103 0.02663431617965728374 388.1777269406928212 0.635897500668975213 0.7709592844304740122 -0.03544221202750068994 213.9206150220285565 0.001983972717595126629 0.0442899655002812892 0.9990167480118837817 -0.580461660666810042
0.7716012665065410392 -0.635623467496338912 0.02478493682526505815 390.0821107675578787 0.636096720523057102 0.7707873710156505354 -0.03560605036498386972 215.4657751014217126 0.003528124900505287195 0.04323929058983949636 0.999058514844838208 -0.5948031159182142202
0.7712978730688432316 -0.6360206652087472268 0.02402716019219226437 391.9840205139527143 0.6364617414923656735 0.7704952673912837113 -0.03540472488439042054 217.003878126977753 0.004005323455566298096 0.04259995721895661058 0.9990841811523988314 -0.610787878249686389
0.7708692897547099188 -0.6365415086403767297 0.02398845328282439224 393.8843922769954702 0.6369860406262483066 0.770133121349711347 -0.03381951282094878414 218.5459844444401369 0.003053221309476024294 0.04135073370550913091 0.9991400275545222476 -0.6109079907845477164
0.7703891418400657942 -0.6370859722351253085 0.02494061178384035862 395.7788371447103941 0.6375684643038150856 0.769630234231574728 -0.03428929690043721473 220.0933118347091693 0.002650181163998081325 0.0423174495672477835 0.9991007006312834227 -0.6086389730638048778
0.7701209169536016308 -0.6373951363077050569 0.02532219346395512757 397.674737392951954 0.6378928872386273596 0.7693499201798815745 -0.0345451115149127061 221.6335618719711249 0.002537258542539255844 0.0427567600560664271 0.9990822897982909456 -0.6095761262956747029
0.7699693454403986337 -0.6375964020443751767 0.02486031339608733848 399.5631145400785158 0.638078063113739824 0.7692656046395979219 -0.03296687567077092457 223.1780506006878397 0.001895377298156768328 0.0412463043016144601 0.9991472113389279208 -0.6262199334011515628
0.7695997999729397021 -0.6380307758025518527 0.02515704693331570832 401.4499089389362894 0.6385262192022728156 0.768962109059894261 -0.03132957422963685012 224.7125521482481645 0.0006444166837376437374 0.04017466812499009832 0.9991924643271609119 -0.6262752789256946784
0.7689841971655138053 -0.6387636216353778096 0.02538385677879029245 403.3278531889204146 0.639267046897354918 0.7683163838461787298 -0.03205584290993301888 226.2509364958112599 0.0009732732633740924771 0.04087749978640134452 0.9991636916693718007 -0.6390959433424605596
0.7685795149808507531 -0.6392438595977406601 0.025550286072451453 405.2009807881671577 0.6397535931433265821 0.7679073051999384392 -0.0321513713668883927 227.7863881208915586 0.0009323153989463106323 0.0410567727318230033 0.9991563802532836824 -0.6367089565346170099
0.7684994909945420671 -0.6393884465990760102 0.02430939523621140214 407.0751911740655942 0.6398497193098993119 0.7678884910579131251 -0.03065292807945973683 229.3193445067745131 0.0009322232419741611218 0.0391111193450403849 0.9992344326049844572 -0.6464421390731706074
0.7685627471652844989 -0.6393668276773316617 0.02283338204419875159 408.9454692071358863 0.6397721460493330792 0.7679753075125024253 -0.03009199545573543882 230.8462465116494116 0.001704350076070261294 0.03773574852712663352 0.9992862995527936887 -0.652746607196394435
0.7690410327761401099 -0.6388792918253014541 0.02022721887480341194 410.7992326353322028 0.6391934913199465162 0.7685125474634102449 -0.02863817461915449045 232.3750691180134424 0.002751465214279597785 0.03495303803821632471 0.999385168276512692 -0.6589611308475866736
0.7690549506413031366 -0.6388926525116138677 0.01925257023820615629 412.6547294356931843 0.6391757884185321759 0.7685579883180346794 -0.02780162031399233125 233.8941422721118784 0.002965534294299939158 0.03368675049941420585 0.9994280406548234907 -0.6546442883225862541
0.7692365121600874822 -0.6387171177036223835 0.01776603253854264208 414.5042650057044398 0.6389596388664030568 0.7688291691771103054 -0.02514534792263214275 235.4042437680900548 0.002401720112617122642 0.03069449746797342504 0.9995259274104345559 -0.6528015308062430355
0.7697001506292936446 -0.6381653787685767076 0.01751078131899491339 416.3428657928348571 0.6384041588235005449 0.7693510758678431261 -0.023217494650607233 236.9083395508703234 0.001344662820706905805 0.02904946474810242082 0.9995770708053218767 -0.6443244657664179975
0.7697629497755915651 -0.6381064155430274942 0.01688797192114537687 418.1834227115024305 0.6383298529383872877 0.7694935336799818559 -0.02036419584347855596 238.4027391128075237 -6.611751921508651684e-07 0.02645570009513623436 0.999649986711368399 -0.6408746769983375557
0.7705075686016019665 -0.6372399753852951987 0.01559809278713451645 420.008201015823829 0.6374301340575296848 0.7703126224963351421 -0.0173576443741218743 239.8951896789674834 -0.0009544228870866302986 0.0233168907397008629 0.9997276687594404132 -0.6464855135340321635
0.7714321790265363799 -0.636153099190428728 0.01419956171093294389 421.8276291839464989 0.6363090114977006939 0.771300073551498766 -0.01438882991322522863 241.3788113046081207 -0.001798624249019450646 0.02013531548958588657 0.9997956461302207609 -0.63948987330034468
0.7727742341702691364 -0.6345890579486526129 0.01080326498775742265 423.6381222896609415 0.6346806656912908906 0.7726795595147211149 -0.01211407882575565344 242.8595850615660652 -0.0006600001621092173223 0.01621807140132089375 0.9998682606022694097 -0.6393516168346328188
0.7734033145562708711 -0.6338546133451333775 0.008697250971738450243 425.4540110450701604 0.6339142688894880973 0.7733329497665638597 -0.01043304862688721607 244.3202808477395536 -0.0001128347454280374362 0.01358226588005929242 0.999907750405948037 -0.6421813941854584984
0.7737357006876853793 -0.6334565815139977518 0.008113249530028631556 427.2568714085929287 0.6335080483784609751 0.7736557562325366844 -0.01115004430373756766 245.7797060318857234 0.0007862067477176470356 0.01376699621782702561 0.9999049213270670977 -0.6676270435200435394
0.7741881055056039074 -0.6329125528986060401 0.007380899471819980448 429.052389972143942 0.6329548680776413416 0.7741169892079439174 -0.01053669760616571249 247.2324783167623252 0.000955128504267184833 0.01282916220948301413 0.9999172467392204444 -0.6637457843064943352
0.7741284347885138972 -0.6330079140455888709 0.005113434025977527456 430.8472093690665474 0.6330270944764735397 0.7740839558818851662 -0.00840992894890209633 248.675097531651403 0.001365324342246409172 0.009747307418157881778 0.999951561770637154 -0.6675346525281677934
0.7743396369832257209 -0.6327555697463342899 0.004302970099599479417 432.6302511463171641 0.6327698352323203324 0.7743139796759686 -0.006340070853390336429 250.1141420525451053 0.0006798652428215580914 0.007632157843995367175 0.9999706435440471886 -0.6675293123931909101
0.7735996605183816932 -0.6336628707303013641 0.003864130390935889472 434.4076448536031876 0.6336738274300411922 0.7735744293559910778 -0.006331088114633912078 251.5456295254576276 0.001022583007440041724 0.00734632591070584224 0.9999724925314729118 -0.6682775374427191162
0.7731579128676671075 -0.6342090077052048303 0.002403396698940302254 436.180031958889117 0.6342114161238973091 0.77313988852325366 -0.005531042611644900429 252.9746161513976404 0.001649675190410654661 0.005800630985543930515 0.999981815460629142 -0.6679692013251888882
0.7729038867815916092 -0.6345221647017038613 0.001097406111061753967 437.9405155022189433 0.6345205309436151575 0.7728946502562653587 -0.00418991840948014331 254.4061542193099399 0.001810416786708696907 0.003934730932236618628 0.9999906200977833892 -0.6731710711957061832
0.772882954417142054 -0.634548571962246899 0.0002204361656088814684 439.6922694152657982 0.6345480470928341887 0.7728817590286275463 -0.001600778399686557905 255.826918710467055 0.0008454005561197978393 0.001377091677312639994 0.9999986944573537873 -0.6645748030418261454
0.7719467781304427678 -0.6356871150393570424 -0.0002520058894194044698 441.4452994182384487 0.6356871332239075745 0.7719468042237157546 -1.011743105990474725e-05 257.2475184281193492 0.0002009666615449448145 -0.0001523867830909119 0.9999999681953340991 -0.6637999610693754438
0.7715672168707498058 -0.6361476750769891053 -0.0004066257086784632745 443.1796534363044771 0.6361467877957625028 0.7715646823665340825 0.002281513042394336076 258.6628104848318799 -0.001137641181818419478 -0.002019014306785494976 0.9999973146732796803 -0.6617211258850711486
0.7712128540907006169 -0.6365746798809052143 -0.00184678634356001117 444.913997022039041 0.6365762873118296916 0.7712029877790448351 0.004072109153907535126 260.0735740210877225 -0.001167954435145774576 -0.004316083316795519577 0.9999900036036559747 -0.6673650170733866904
0.7700192984213296565 -0.6380128428292780596 -0.003145225528699090774 446.6032248860790901 0.6380193498644014527 0.7699986984548884417 0.005771791436317209867 261.4500338746587431 -0.001260657499057035594 -0.006451105539424728356 0.9999783967566445719 -0.6677842017715771572
0.7687796263023516374 -0.6394935488373947319 -0.005087944356150795114 448.3203019842623007 0.639513721016517267 0.7687515479691104936 0.006577091051870973849 262.8589964083041082 -0.0002946421980160192876 -0.008310143828540889413 0.9999654267501072447 -0.6758117825740644902
0.7672205927813092741 -0.6413493953794727753 -0.006596594476022708126 450.0260637805961323 0.6413832078547817561 0.7671859377086817089 0.007301894545973723442 264.2614918062147922 0.0003777488665864739284 -0.009833108787937146211 0.9999515824665504704 -0.6751834996456422822
0.7652892691670417635 -0.6436286757253569801 -0.008629153017437928355 451.7287395280920919 0.6436835107990832583 0.7652579063014190996 0.007202414076886881275 265.660785774062731 0.001967847336946749581 -0.01106637371462612304 0.9999368294795760725 -0.6849158643136535884
0.762478602911233927 -0.6469537778638068115 -0.008785750410809319011 453.4179241205324615 0.6470122208711303058 0.7624331422742027797 0.008419596504163759029 267.0619291316515387 0.001251457526492572069 -0.012104250064888274 0.9999259577510857255 -0.6829874048352465588
0.7598317614161245181 -0.6500957204224224739 -0.005590047559843797087 455.0935324451649535 0.6501163857586117478 0.7597720580519490285 0.009752167536797253303 268.461982671662895 -0.002092680441363572834 -0.01104418815293420168 0.9999368213025325858 -0.6797086394004725474
0.756657007082351063 -0.6537923174250583891 -0.005077332877675459592 456.7594699844967181 0.6538100962172515018 0.7566130514515290173 0.00830954015539947001 269.8685678973502036 -0.001591137193121995239 -0.009607083281495183702 0.999952584992536031 -0.6900436180815117115
0.7527926070814678905 -0.6582124859184976806 -0.007721017062422154409 458.4112596905809482 0.658254783866349058 0.7527727324537236697 0.005818315153087858481 271.2716205690899187 0.001982483430630125037 -0.009462381050567706883 0.9999532654600920001 -0.698254419018162098
0.748064333303285256 -0.6635713595178297508 -0.008532529939621129669 460.0406783698950903 0.6636218471585300094 0.7480442237452782361 0.005990266707321548721 272.6784322163523484 0.002407740312415480866 -0.01014347815018819439 0.9999456548421041813 -0.6850941080102604941
0.7432735701026988995 -0.6688514247612458163 -0.01349709530379846444 461.6673320540357963 0.6689631653586479709 0.7432675582066332609 0.006451380541192702246 274.1061734828837757 0.005716938002682786686 -0.01382420024451974476 0.9998880977926845048 -0.6884514146586911965
0.7386567203198759479 -0.6737730795661203143 -0.02039820527083465243 463.2850911725211063 0.6740150511021233415 0.7386711410904007735 0.008285904175611147338 275.5447065976060799 0.009484746390212362918 -0.01986913617125491555 0.9997575991277692919 -0.6883020371917039082
0.7345037645960144079 -0.6781721904963953218 -0.02422188744924103423 464.8870273196136509 0.6785487676332302431 0.7344332258173711381 0.01339428082858232748 276.993059003240262 0.008705730165087839298 -0.02627388157108324906 0.9996168733117110072 -0.6798505860040605642
0.729960998291540486 -0.6829725922532593474 -0.02655897596069666661 466.4795640908470773 0.6834286639018092302 0.7298609686698126486 0.01510720919795286582 278.440400621425681 0.0090665500939141868 -0.02917883896295600868 0.9995330875094472489 -0.6751318615436403547
0.724481892372166536 -0.6888326917274504302 -0.02520933224740144751 468.0746297990618245 0.6892313714354533216 0.7244239444267613903 0.0130409114089780967 279.9167026854116216 0.009279237794601713496 -0.02682296681368272206 0.9995971309468947297 -0.6700346770658810458
0.7188551245349286134 -0.6948022668413609271 -0.02229618626533607165 469.651050124164783 0.6951274478980552507 0.7187617150472336292 0.01339507973458151438 281.3960035466014347 0.006718713314977521785 -0.02512781276724062804 0.9996616687244368471 -0.6566509242264350066
0.7129836875371575733 -0.7008866079468473176 -0.02030330285149115413 471.2197050381069516 0.7011571624557694227 0.7128977333256967253 0.01246817372583446625 282.8910744392412653 0.005735402591861080666 -0.02312541069573102737 0.999716119974697115 -0.6466506005747769681
0.7064539586728982856 -0.707426606631229582 -0.02168871839493145479 472.7821433738135397 0.7077008058524282275 0.7064570836509491691 0.008829402880128667946 284.3994601885974021 0.009075994227340542647 -0.02158669010338415753 0.9997257829720936906 -0.6437323167928817869
0.7003914539262230399 -0.7133376773039226126 -0.02451875620328706346 474.3204613805808663 0.7136388760044724 0.7004903776471255172 0.005725860534519976175 285.9206761644447852 0.01309068073801768033 -0.02150788140269269122 0.9996829723044116101 -0.6360168988652223909
0.6949182642476785521 -0.7185862788090134901 -0.02687686593351842207 475.8510258849159982 0.7189795057599830397 0.6949786485557969407 0.008552680789592708929 287.4577388297490756 0.01253300890145721269 -0.02526732987422663362 0.9996021637276016891 -0.614812999673660987
0.6892634337071694706 -0.723956466006077326 -0.0283364479459545654 477.3704710333637422 0.7244423378562887539 0.6892086742532994581 0.01321750563926993999 289.0120033821018524 0.009960827049857717136 -0.02963846591847743225 0.9995110520962147138 -0.6010081611477996466
0.6832994294713842232 -0.7295846410324514641 -0.02842782534120071036 478.8752336216498975 0.7300700692205440712 0.6832496855969435456 0.01294454170636447077 290.5796007910795424 0.009979163912412691503 -0.02959930237736731889 0.9995120297357017458 -0.5882924705650437458
0.6766455081791222792 -0.7357627950059607569 -0.02835428972896383848 480.3701581024790244 0.7362300176866296564 0.676634954379011555 0.01142364082322725946 292.162318552131012 0.01078041363596483893 -0.02860503447873524036 0.9995326581379458952 -0.581462919491946062
0.6705125580972606247 -0.7413840838383383147 -0.02761430182089393351 481.8349628326049583 0.7418062220580309285 0.6705508980040881806 0.009220743023321591181 293.7404029185742047 0.01168068276510233171 -0.02666708490065236234 0.9995761242812086778 -0.5762078203385634367
0.6640298798490585908 -0.7471750548820917937 -0.0281736761816446038 483.3241631294401373 0.7475885278612705021 0.6641220432186329958 0.007301008240415809113 295.3727173331696463 0.01325562815800666698 -0.02591040472573612197 0.999576379897546996 -0.5667810595951925379
0.6591898611093744975 -0.7513384101071883814 -0.03097289957698095078 484.7762304957227002 0.7518364610350785071 0.6593027682142258428 0.007861023044592031425 296.9931055203477968 0.01451422987458501554 -0.02846846189489445414 0.9994893115028727903 -0.5572650006662134281
0.6538614669919315947 -0.7559312011868125625 -0.03214344498372874448 486.2155738405765533 0.7564826316923435323 0.6539499715231280597 0.009135791849983698754 298.6237540415910985 0.01411417482481377821 -0.03028950011411245258 0.9994415121715986006 -0.5419296668840261066
0.6484815421108444111 -0.7605615096605302661 -0.03190422486813183911 487.6152968856375196 0.7611051723537100022 0.6485652979776302951 0.009053776870293931897 300.2350776298394521 0.0138060189037449068 -0.03015367775384670754 0.9994499234878887473 -0.5278747219446510153
0.6418775105024212557 -0.766244447107755855 -0.02937190473468928933 489.0361682718501015 0.7667128372181746254 0.6419283948388847527 0.008908487213314318989 301.8937795593350302 0.01202858080036719665 -0.02823797400846040501 0.9995288540446576331 -0.5094395362660921744
0.636018500483500504 -0.7711212369021954727 -0.02919768896929370028 490.4516566197575571 0.7715847104937711975 0.6360646407701799898 0.008877347247070122016 303.5608621803515348 0.01172610655600223387 -0.02817464747481252668 0.9995342353640055411 -0.4867329424899646817
0.6292683644424861278 -0.7765736067368421702 -0.03089917202144540007 491.8497122032758853 0.7770440748871699777 0.6294196634470397012 0.005778663250043817971 305.2400417208680778 0.01496098909232618061 -0.02764634851020254108 0.9995058019938812821 -0.4768252769158881632
0.6226544081548228693 -0.7818231724624710166 -0.03246559726979603849 493.2346755447533155 0.7822837785833858248 0.6229171771714683281 0.0025060227512819209 306.932443779338314 0.01826411154881672078 -0.02695769621920445988 0.9994697118191653296 -0.4666250407218135443
0.6162718580835822024 -0.7868054927668896026 -0.03385429789644775478 494.6075692003454378 0.7872633937689095251 0.6166167747379984743 0.0003192854013613882335 308.6387453947451718 0.02062391247237559816 -0.02684901606317705372 0.99942672796497245 -0.4363833044804966699
0.6107692574281549103 -0.7910691584601591275 -0.03421258122088821629 495.9698076417890888 0.7915544091023860584 0.6110977655176292878 0.001066962948395241539 310.3560172172504394 0.02006319045498000317 -0.02773278767986227245 0.9994140087452600962 -0.4007404328836001728
0.6044569975791133087 -0.7960586029199397951 -0.03037167751042616284 497.3186398549649994 0.7964133790446156214 0.6047522388718029607 -0.0006776859737651095899 312.0834725964369341 0.01890681772221649778 -0.02377877828432832519 0.9995384444567020354 -0.3678507488330218234
0.5983312413722318146 -0.800741426469530948 -0.02851128782613703699 498.6593918287297811 0.8009889408469208494 0.5986646280275034204 -0.004168907485055217688 313.8211246147204179 0.02040691644742203409 -0.02034283864734013486 0.9995847771334236409 -0.3372369008692135406
0.5916270528318716693 -0.8058064366410861989 -0.02556202310595188584 499.984605180450103 0.8059852683807235962 0.5919149966791387163 -0.004938001578410263284 315.5697509357934223 0.01910961827789841097 -0.01768115873269088603 0.9996610421113460987 -0.3054438934514178694
0.5856169421219983295 -0.8101510970040944892 -0.02660821532427042405 501.2999005497730423 0.8103942106094597086 0.5858790846006836084 -0.002630900632114174624 317.3271360629561286 0.0177206238702575028 -0.02002244367023311641 0.9996424767081084628 -0.2753661874967439083
0.5796188340492400837 -0.8143465128187312718 -0.02969451591408097876 502.6001415873788574 0.8146451766213408385 0.5799504906938581783 -0.003265662495973227237 319.0980552611094936 0.01988072994092655865 -0.0222976546731973764 0.9995536859884469605 -0.2522699414888114333
0.5740430513684776637 -0.8181745872002409437 -0.03263311255890973678 503.8807266121171438 0.8185063636831136913 0.5744756225041554032 -0.005009167466700255832 320.8770793209793624 0.02284530117581220002 -0.02383493251885463945 0.9994548455062930437 -0.2249837855259189112
0.5684697184828972905 -0.8219988359992196347 -0.03406013481922317426 505.1498732347946543 0.8223583032849993701 0.5689439144877852517 -0.005444555586365623819 322.6663414818984279 0.02385372478655613943 -0.02491456969814894243 0.9994049549759913553 -0.1837002923420947287
0.5618948753107970706 -0.8265543526773303507 -0.03289454619877760222 506.4102601796880094 0.8268678929479085227 0.5623604359908485062 -0.006342526631309131947 324.4665672290777252 0.02374103433614612943 -0.02363561089420601266 0.9994387030660297766 -0.141784869173907202
0.555212297634764651 -0.8311495800059456318 -0.0304906577670245732 507.6567173937555708 0.8314000916023268628 0.5556317619471637936 -0.006872612249567368672 326.2775671959392412 0.02265374668279147158 -0.02153417682268430125 0.9995114241417160095 -0.09723851332838795436
0.5476434945114472264 -0.8362395094256921402 -0.02810846482411243769 508.8891720954027278 0.8364112976962582158 0.5480380652668948027 -0.008391668760150679945 328.0938062839672398 0.02242195364708046007 -0.01891459473519404785 0.9995696544516803339 -0.05863716803468221883
0.5405291413461428274 -0.8408833335970481437 -0.02726658457374466979 510.1092051170166997 0.8410377742285913838 0.5409077871509364588 -0.008615574275362063855 329.9218595646546532 0.02199340074246751778 -0.01827525863545248486 0.999591069010517197 -0.00831738120189129404
0.53361633077385906 -0.8452084325862899705 -0.02960265218642280441 511.3148612246325229 0.8453832027310267394 0.5340702355011289759 -0.009809387952384510806 331.7646256942167042 0.02410087284052658818 -0.01979113530840202057 0.9995136111587121786 0.03342286841261543628
0.527056326704620326 -0.8492127100281751106 -0.03239446877532167063 512.5021653532712662 0.8494551426932595017 0.5275733390431938119 -0.009608979279282905961 333.6184699194315044 0.02525052539269135796 -0.02245317477369353915 0.9994289699173098951 0.07442346309708813834
0.5196877967699589096 -0.8537158616427608093 -0.03307297186442031273 513.6757076939829858 0.8539472439897175526 0.5202473414303832033 -0.01080778501749628077 335.4811532808144534 0.02643290318432809163 -0.02262589919046517281 0.9993945018435266281 0.1187368703752538224
0.5122260220563580324 -0.8582146160443225869 -0.03304807310896742956 514.8342084178769937 0.858403593839981216 0.51282165498435206 -0.01253875040484666789 337.3527017036549296 0.02770870641015561395 -0.02194591048479191744 0.9993751070554385274 0.166590623113092251
0.5050209984828394338 -0.8625680596845574089 -0.03049809016010354701 515.9633669635263686 0.8627218556448263964 0.5055359399142160814 -0.01201720632249846966 339.2119613435581869 0.02578353901510295476 -0.02024242740058527709 0.9994625822154568073 0.2240730890710578294
0.4976354298695447875 -0.8669053641869626237 -0.02888024380823219286 517.102285191399119 0.8670163999467273008 0.4981196894866239955 -0.01262288275972845743 341.1222901956720079 0.02532866285396634387 -0.01875805132786690504 0.9995031737560472473 0.2794650016097697254
0.4891189157708590862 -0.8717213045359231138 -0.02940499027933461684 518.216415188548126 0.8718197028757476152 0.4896357271711101466 -0.01368431055119559772 343.0254049463703723 0.02632663884324435224 -0.01894259474852122774 0.9994739047075770211 0.3304255222615246623
0.4809829824924466424 -0.876116456813176292 -0.03279214317175400267 519.3115629636392896 0.8762438737188928961 0.4816252421045368326 -0.01529051790671142816 344.9408216978454789 0.02918979826548909889 -0.02137943565373804158 0.9993452233379352956 0.3721060891155349992
0.4732398028701628734 -0.8802202680921323852 -0.03544529050838877982 520.3859969569147097 0.8803605098198279411 0.4740000992816660874 -0.01700819304757304404 346.8686782330113942 0.03177202746414126144 -0.02315568009766590454 0.9992268775158283933 0.4154237291103937135
0.4667838468634225579 -0.8835506565242750021 -0.03809301330831510457 521.4459716568404701 0.883791871722652389 0.4676041599743543387 -0.01607100033131527231 348.8049450915468697 0.03201199438266203595 -0.0261646121737170341 0.9991449570935357904 0.4798183013104173611
0.4602824350795314823 -0.8868558302025112416 -0.04033381203248029984 522.4889950180564711 0.8871105995897812235 0.4612184315704264126 -0.01767321349315866333 350.7535787903917708 0.03427628994969841164 -0.02764588243356362954 0.9990299500674411082 0.5449373495850167171
0.453797413922743198 -0.8901578656406261558 -0.04107166121738446696 523.5190345313935723 0.8903730772148437111 0.4548104165569200052 -0.01957724092641853139 352.7022475969747575 0.0361066543451563568 -0.02768500008029693357 0.9989643888960973994 0.6062555148711967767
0.4466692192624526214 -0.8939954818859909835 -0.03547797811186328976 524.5358280270725118 0.894087685949509603 0.4474786803578055805 -0.01923643570643900416 354.6666102455968712 0.03307292543640651117 -0.02312809963381572478 0.9991853044407760231 0.6771749260849759811
0.43855571006906513 -0.8982734197440783719 -0.02781640787551146674 525.5388208026053007 0.8981804336734519056 0.43914658576324761 -0.02054713553399765275 356.6377590200370946 0.03067242624879791199 -0.01597308967486685272 0.9994018524468777365 0.7371425817632213384
0.4302446203695244886 -0.902337375126819996 -0.02601591997843228157 526.5301554406205469 0.9021154907918023103 0.430829388719816242 -0.02395159887721702574 358.6281445505641727 0.03282084576225013234 -0.01316431785357233264 0.9993745508161094859 0.7851655728508473153
0.4227225072848967979 -0.9058626845041078957 -0.02680445220073783552 527.5007223046756053 0.9055918177394147728 0.4233612752663532541 -0.02585904577260883866 360.6237119917122413 0.03477271168881042318 -0.01334269192698330289 0.9993061748503050401 0.8384808497452440612
0.4155412399990302541 -0.9091196023148492289 -0.02875806924949447785 528.4578590567468837 0.9088934551380272175 0.416245714617714091 -0.02553805532235254791 362.6348950273143714 0.03518756978433330157 -0.01552590574745747569 0.9992601168781798382 0.9038141473872114418
0.4088339097455322424 -0.9120801154954512047 -0.03105957436904955432 529.3960889730852841 0.9119434019163377148 0.4095985601167219103 -0.02425389147261606052 364.649168812157086 0.03484344907495873916 -0.01840876063489107692 0.9992232241038275786 0.9712170665593495844
0.4016815325752329802 -0.9153248270228780958 -0.02885147177442738339 530.3217091421142868 0.9151339834624624414 0.4023817998746097579 -0.02487326761395175848 366.6763851540278552 0.03437642651785974279 -0.0164118300383604733 0.9992741931695494628 1.042118200218940638
0.3947875169870477263 -0.9183657879278497305 -0.02733305681517612246 531.2482483096304122 0.9180812205141289928 0.3954696690155548033 -0.02702986178313079163 368.7413424422134653 0.03563269524592683341 -0.01442291414339361838 0.9992608721335600741 1.105921168176364322
0.3879029692181955591 -0.9212747832543755067 -0.02800107518133338608 532.1237324919206912 0.9209705631904964163 0.3886255717772126861 -0.02798904602543751327 370.7447809419457485 0.03666753616330409998 -0.01493113192084010235 0.9992159691934848764 1.172978856153707561
0.3805679604053427978 -0.9243888092285327263 -0.0259491211021272844 533.013129883736724 0.9240436756322152334 0.3812251382503333286 -0.02847243386364759626 372.8275465107265063 0.03621205651468847181 -0.01314242515937078491 0.999257706311994065 1.228525862812379632
0.3731534738043990052 -0.9274346603502054975 -0.02492861345540377596 533.8627368710218661 0.9270471177589709733 0.3737884620361473509 -0.02942494016028789766 374.8551172751395484 0.03660773746757071262 -0.01212998061626156809 0.9992560918642200418 1.293877754872269747
0.365064475990060644 -0.9306544557170245424 -0.02470247809736973027 534.7268569596546968 0.9302049316748688401 0.3657152956167425417 -0.03116260001525999329 376.9598505784770168 0.03803568663577480691 -0.01160200870570501919 0.9992090271490434716 1.368480839643521074
0.3576696511016460578 -0.9335360892240099906 -0.02414106039858273517 535.5475428263893036 0.9330858097195832146 0.3583025859964545923 -0.03114688697451202526 379.0047428431757908 0.0377265474271970061 -0.01138538469242481206 0.9992232386382079445 1.450164543611220491
0.3497394023003260743 -0.9365902711847354789 -0.02193204050502830724 536.3624519375346154 0.9360548925563152434 0.3503104119443846143 -0.03292192893407984433 381.0917717372688003 0.0385173804923918256 -0.009015498070496133498 0.9992172597561279623 1.525624703621882849
0.3409012524162070568 -0.9399111211251828246 -0.01879948101047003092 537.1593727350716563 0.9393065943393490436 0.3413666993301703867 -0.03423300189931094417 383.1841123071889115 0.03859349597632624057 -0.005988403261850379702 0.9992370495006170916 1.600226623427695616
