1 0 0 0 0 1 0 0 0 0 1 0
0.9999880762538089218 0.00427416891188526181 -0.002361954766527666737 1.420678594581314957 -0.004256329695889761282 0.9999627648077833442 0.007506840580002146872 0.2389151413349536179 0.002393952323321452049 -0.007496697812127254418 0.9999690337776402371 1.372126237640547419
0.9998980314014794812 0.0141044783677237405 -0.002233940334984963177 1.452706023475717423 -0.01405812816153603241 0.9997098819097995914 0.01955814522107059139 0.2364976629933648877 0.002509149664664745132 -0.01952474588487829524 0.9998062254587591902 1.421493092536574965
0.9997956006649219018 0.02021435449586497443 0.0003698153371055366368 1.579262077654082441 -0.02021701525385692297 0.9994380799051405528 0.0267356827059101812 0.2408659559317287979 0.0001708370374700050355 -0.02673769451245360321 0.9996424693393459737 1.523920565229484714
0.9996737316027195508 0.02532559787803864704 0.003323316959555843841 1.878329746429852731 -0.02541181008962289239 0.999252085790323874 0.02914633684798548924 0.3052530110523132278 -0.002582682996948593331 -0.0292212788188193559 0.9995696306974968248 1.588380205379330334
0.9994495346238768674 0.03230317775806759717 0.007558600852454047843 2.489168928235083733 -0.03249896833358318499 0.9990961465352296011 0.02739903348127030111 0.3877270132439090133 -0.00666669313594002097 -0.02762959799174972281 0.999595998650177453 1.666334809494030456
0.9995615104306723175 0.02833387350972839044 0.008601074205448680857 3.550772406357623812 -0.02857340972836756171 0.999166946672794043 0.02913714009749021616 0.2058346535566150104 -0.007768341010006763435 -0.02937012578285380648 0.9995384177656462255 1.657118190191809504
0.9995585639507424958 0.02841871975379366144 0.008663348099020256807 4.61875127154936127 -0.02869856719633157374 0.999006304292809566 0.03409979800673286487 -0.06842923091452804418 -0.007685666763990052497 -0.03433337080418523424 0.9993808834351471937 1.623897485143035002
0.9996802450834533227 0.02412519158939779168 0.007575138326229895018 6.268149320206774178 -0.02438687719668040238 0.9990324935384258254 0.0365972276954030229 -0.3339719423745855509 -0.00668489420115953633 -0.0367702595200250712 0.9993013860714641261 1.566462570570225976
0.9997428061082047623 0.02105211093581581608 0.008433875742422210914 8.02074677764509758 -0.02133027796660769485 0.9991813508410127831 0.03437509815834930565 -0.4735155445001441588 -0.007703302977279547631 -0.03454615400699481004 0.9993734148788255833 1.53304188427740562
0.999794424812427418 0.01797058873560303943 0.009389678081986208014 9.779952158378858229 -0.01826411424730329039 0.9993155026850961686 0.0321706111846679077 -0.5496123642299433065 -0.008805126049578617178 -0.03233549185847409135 0.9994382850989457223 1.502046790660755748
0.9998252854238418585 0.01600955994299771076 0.00964845156306215479 11.37787812361111506 -0.01630598198590491738 0.9993716950872024718 0.0314695092114079325 -0.6057733669518239328 -0.009138576399447441087 -0.0316213385068233252 0.9994581418811037121 1.474241395730021997
0.9998616783107994177 0.01399773276935317202 0.00898263451495163838 13.47530332001600151 -0.01430104918638928219 0.9992974761597049893 0.03464150881547179567 -0.6563682182506151985 -0.008491421416930060653 -0.034765178241477665 0.9993594339096211199 1.45376594875815579
0.9999059185888476975 0.01044042914541540475 0.008896707832235990418 15.23338120804223195 -0.01075870651566008217 0.9992753219154392186 0.03651138514087464565 -0.7727939076465863977 -0.008509066053480954933 -0.03660366716676007048 0.9992936341960968472 1.426089566334847403
0.9999521681309850862 0.004326846469015694849 0.008771536340664267545 17.40876561011813806 -0.004665482713876538921 0.9992298510821814306 0.03896072352162004149 -0.8647131397421062848 -0.008596203882444079791 -0.03899978340856733589 0.9992022428782354471 1.392034480343812275
0.9999605206735301399 -3.191925658253858564e-05 0.008885723126658730264 19.49974266729623906 -0.0003397420871288254498 0.9991250135762540507 0.04182214510955215014 -0.8946995770424281957 -0.00887928317133832197 -0.04182351285355240256 0.9990855579493439498 1.366903304723877
0.9999577523430576154 -0.004726065571233681664 0.007884023924161365909 21.72165892635985784 0.004362393546641542795 0.9989537244376609504 0.04552390530995623769 -0.8475480561607899865 -0.0080909240241501066 -0.04548758881653369723 0.9989321379413586 1.347473956659759997
0.9999137316957881216 -0.01094547477219095719 0.007261249769481009295 24.08186750865493408 0.01060412055562078536 0.9989084642592849228 0.045491017337478519 -0.8240490388617176531 -0.007751244638464034262 -0.04541009373661588494 0.9989383572540332379 1.323993129216252118
0.9998109718080103736 -0.01847029852926319882 0.006071962167360581315 26.80806012388736903 0.01817617704607159268 0.9988048927887976935 0.0453697336243911592 -0.7366350006776520853 -0.006902698045823876458 -0.04525079240630209415 0.9989518099219251157 1.291437662100439088
0.9995669884556619422 -0.02900334874055603834 0.004964005591482742626 29.38709093143146589 0.02875751371243866553 0.9986191323425352984 0.04396400714813158972 -0.7234698508093890812 -0.006232254388059549344 -0.04380221776663539845 0.9990207829289472485 1.25798855193354564
0.999281145663756365 -0.03754851512489747883 0.005225029458863351788 31.69527403190700454 0.03729128731982656736 0.9983883687468088075 0.04277879195484909219 -0.652814491454574708 -0.006822888754830096041 -0.04255319215994805143 0.9990709054046352788 1.23560981310975837
0.9988602413882606834 -0.04722617779370374969 0.00692143805745095396 34.11186237356575646 0.0469060754762349319 0.9980665478015522396 0.04077972833295579608 -0.597415219730770608 -0.008833926488453464065 -0.04040859179047703864 0.9991441875186519717 1.214314168238709746
0.9983477126308315519 -0.05688306223937542039 0.008133997483275314314 36.46005114682142789 0.05654914002537735074 0.9977270970258790284 0.03664470797676427222 -0.4710789189886371298 -0.01019997290079010382 -0.03612418982597959821 0.9992952533972327966 1.181126735218116508
0.9977661311604303362 -0.0665520165329949176 0.005794532296828243216 38.8260530116712772 0.06630742230445874075 0.9971740399768850294 0.03531656471849850543 -0.3641527243916837797 -0.008128545779238854907 -0.03485345164499058929 0.9993593766268193956 1.14285049435763475
0.9972231132337491255 -0.07441574652536597778 0.002891211071773793807 41.14445157402320064 0.07426865133683545339 0.9966181210604487806 0.03516373419516361648 -0.1875379097293353448 -0.005498168876693004109 -0.03485136213999433935 0.9993773825217330264 1.102770215897669326
0.9965784884073712879 -0.08264634096205052127 0.0009480344210187390203 43.50223651920845214 0.08255703531107390358 0.9959196826174089301 0.0364461478881583853 -0.01212149280069896307 -0.003956306904809417206 -0.03624318005948023308 0.9993351687671414574 1.0724459986907382
0.9957757615278590713 -0.09179994189857774989 0.001844836315238083555 45.88956433386621825 0.09167916106085914618 0.9951705640054492319 0.03507819784785206479 0.1893870280205685597 -0.005056103320672852147 -0.03476088612929416344 0.9993828678813325705 1.050744242485883495
0.9947906004049137385 -0.1018656926671338281 0.003878402180825450511 48.09202635930721215 0.1017048718393359641 0.9943622176707743732 0.02999831850293879082 0.3997312435575378076 -0.006912336086695919368 -0.02944759287793406038 0.9995424247542071816 1.032318150580629812
0.9936148872007040111 -0.112701628182234212 0.005272469839229099522 50.33368236381080862 0.1125438668392725883 0.9933534334701010771 0.02414196036003830176 0.6118991679817920026 -0.007958264257753051157 -0.02339442707644304523 0.999694636782537116 1.010144796766689002
0.9923454962692839221 -0.1233772735089690986 0.005335205297052830233 52.58582038532136238 0.1232468661326917014 0.9921703319354184814 0.02020500966670979448 0.864033878105790909 -0.007786271414421527468 -0.01939280301180050861 0.9997816227400894151 0.9908677692089229438
0.991035938021439633 -0.1335603659805940924 0.003065646603093602398 54.85479963432656092 0.1334762106332090248 0.9908596610346076528 0.01952519729430842593 1.137402448335141925 -0.005645418050464361126 -0.01894098132389712349 0.9998046651629123316 0.9610877370904467032
0.989769277503635081 -0.1426771786221779359 3.216715085394448029e-06 57.07264553263598117 0.1426421478105160123 0.9895267634848345928 0.0221359891405618868 1.425775727442694762 -0.003161483502254042264 -0.02190906313933357538 0.9997549689671072493 0.9327295186645800928
0.9884731246976543595 -0.1513769123394902716 -0.002431493577561550518 59.2722921422556297 0.1513884686202658647 0.9881288048551810643 0.02613420334126008091 1.713820114187687871 -0.001553486165443396369 -0.02620105772738628644 0.9996554862824992282 0.9146489983180761119
0.98716241195570964 -0.1596527787356112893 -0.004621976177324450992 61.52836382334544396 0.1597196321326690704 0.9867293146175240004 0.0292386522575221082 2.015608743005565806 -0.0001073926937677799912 -0.02960151881963800011 0.9995617732538494282 0.895908780994211229
0.9858254977670291019 -0.1676987945676407521 -0.005020184553327962894 63.79126316860291723 0.1677739191628747073 0.9853842605126984511 0.02949188333375259152 2.335184729986631957 1.05755911854308447e-06 -0.02991610660501655555 0.9995524131152296876 0.8809936799422619647
0.9844529234109022919 -0.1755733785183032358 -0.005141044971280192555 66.03173571088797189 0.1756484164555378591 0.9840757067281619141 0.02725137105047239355 2.688111261878708191 0.0002745621788464993555 -0.02773070830572485143 0.9996153922546775483 0.8618734169636241838
0.9829538145899634483 -0.1837664841200849497 -0.005628294340416587979 68.3658981426108312 0.1838504844042573583 0.9826302419021767376 0.02523503682560519074 3.118935053307468674 0.0008931782351378693592 -0.02583964034990215292 0.9996657017319480198 0.8475010855284570432
0.9813912589451612156 -0.191922069287120689 -0.00609230552264776546 70.62649074879325894 0.1920166566424577614 0.9810343598381727759 0.02647996202336607569 3.528251836972750244 0.0008946719421805277017 -0.02715702740463449283 0.9996307795504597582 0.8415808406278462162
0.9798504977830573281 -0.1996506799693278933 -0.005710339926816302564 72.83204029314265426 0.1997322684175397989 0.9794279926931038771 0.02877200170201998225 3.953321317433587279 -0.000151482931769971195 -0.02933279933695752059 0.9995696893843766251 0.8311844738208078454
0.9782141308351396392 -0.2075376222692074668 -0.005024895749772557985 75.05017777748864205 0.2075933139390367665 0.9777331893264108453 0.03070547992481761218 4.397626965147877875 -0.001459534946773679382 -0.03107966911742475469 0.9995158447594968409 0.8201357050798225856
0.9763073336780545564 -0.2163316197647288941 -0.004961904515065271304 77.32405991744427354 0.2163806105364395882 0.9758189446635402442 0.0309324848599678362 4.848063400535478351 -0.001849754125692545893 -0.03127327174606532589 0.9995091599800229876 0.8008180234339781212
0.974383723347001629 -0.2248028251098423136 -0.006328467355320113556 79.54175829393902575 0.2248901458368417761 0.9738796790165165085 0.0313495311634911511 5.317038971838268679 -0.000884297414756196002 -0.03196968284672700028 0.9994884478555827734 0.7857743279424118654
0.9724696710686557832 -0.2328870682103051648 -0.008145692851390757758 81.78666143995145887 0.233029139893496301 0.9719337187205183692 0.0322841505169599724 5.835437290173591585 0.0003985123810523479959 -0.03329354103295522477 0.9994455369420431889 0.7738686581111080542
0.9705518048445649359 -0.2407312502574328605 -0.008812449287842246543 84.01780672866553346 0.2408913575037222032 0.9700099916295364944 0.03243408729840198401 6.3433745798104475 0.0007402654736325408897 -0.03360180483783124783 0.9994350257613893174 0.7541014271141854852
0.9687420453543355015 -0.2479082048032844321 -0.008965018344168386444 86.2284877740717377 0.2480688048942681079 0.9682269992737977393 0.03159661240682010153 6.86353120082802004 0.0008471133501687524254 -0.03283290831574411928 0.999460495732823806 0.7454754923751754081
0.9666275192699791408 -0.2560018264163561597 -0.009711017529383301691 88.46776089771036311 0.2561775590340054642 0.9662079101142572179 0.02855403088914122006 7.407339040314830036 0.002072977892979155617 -0.03008885680994278708 0.999545078252364716 0.7370345280444379199
0.9641505131341965296 -0.2651286158189283815 -0.01098203519410985776 90.66624056517305519 0.2653256497371891398 0.9638399682817203606 0.02479546600148204924 7.98894812311774416 0.004010936873601351517 -0.02682037689204431682 0.9996322222541471625 0.7256384576399634856
0.9615825597326788099 -0.2742131424710935739 -0.0128892712779599735 92.88458681499704994 0.2744407952165149323 0.961357500537861287 0.02177168070046359497 8.587504044542681569 0.006421116637782664505 -0.02447261031691906966 0.9996798790639932486 0.7251100900889773104
0.9590036994012319793 -0.28302065433452267 -0.01453319492782745304 95.06784172344141837 0.2832743093396476453 0.9588263431431622852 0.02019181425371201558 9.184270190545278822 0.008220109664548835848 -0.02348090532261113902 0.9996904905431147625 0.7238770230541287098
0.9566325119095232532 -0.2909266978954147542 -0.0146933185273443092 97.29065328911518407 0.2911895812373199166 0.9564337206606218222 0.02105150260940761783 9.843097848085308854 0.007928741168067899442 -0.0244170930896714343 0.9996704160014640017 0.7345054748270061218
0.9542129610492804392 -0.2986231146816155091 -0.01737412856563304991 99.47643687040597626 0.2989922729644192145 0.9539196667894965787 0.02531580573053241953 10.4896186559066642 0.009013638174160273908 -0.02935140013809435164 0.9995285136687190874 0.7387456885835941289
0.9516450152304173349 -0.3064599271206145947 -0.02130910735639322817 101.6873408406394361 0.3069980262248992453 0.9512431654943961368 0.02981026659083916425 11.17399963314285394 0.0111344906086807572 -0.03491064550288913715 0.9993284094578002152 0.744561185309393192
0.9491126684973039129 -0.3141647246931823512 -0.02203788230261248537 103.8290635567962852 0.3147606576381745125 0.9485963458973745155 0.03302576196445143608 11.84451311926580708 0.01052952520823016366 -0.03828182739376025795 0.9992115045325907774 0.7604972822692812606
0.9464449303409659953 -0.3222538971874268632 -0.0198599994813520829 105.9938281115405658 0.3227651385991645583 0.9458916600988683809 0.03334115565586848184 12.53957540572680784 0.008041090532142547778 -0.03796568322738369528 0.9992466901421950265 0.7730409787491103746
0.9434777090876946826 -0.3309296970341774058 -0.01831251144717245191 108.1720123367256576 0.3313669984967447801 0.9429676698591347161 0.03174721889697173366 13.25006733482728905 0.006762008717356370394 -0.03602095530800727974 0.9993281573221105551 0.7797737132200601717
0.9404872560608464882 -0.3394269089736318135 -0.016525575685756827 110.3164914354444051 0.3397856551370030398 0.940031167740781215 0.02978442947281346315 13.99328432452228377 0.005424919377970440805 -0.03362702990912515288 0.9994197281969339208 0.7848707600079227742
0.9374882334106208193 -0.347742493670695596 -0.01381920085676258819 112.4615750384359814 0.3480018646088407497 0.9370781613723375703 0.02791454294466219274 14.74436096468985191 0.003242598557235566031 -0.03097866321721374008 0.9995147862737554512 0.7860771501977665832
0.9346365196712940193 -0.3554416015611081558 -0.01076308396349191614 114.5806715968699336 0.3556029941620785229 0.9342930261365819389 0.02535846713650107692 15.52615397337427439 0.001042420114680309585 -0.02752833435249383079 0.9996204800663508472 0.7829371452991642499
0.9318161679623934157 -0.3627997687630863943 -0.009744583589447998462 116.7060273308409393 0.3629299471783203335 0.9315299164412491617 0.0231055884171119004 16.28442433536917022 0.0006946690019700175458 -0.02506676206474256485 0.9996855379941070874 0.7774522567426584985
0.9295834471132097265 -0.3684784579959956008 -0.009911652032618128647 118.8181937179250411 0.3686096491466001601 0.929332625404349022 0.02162863645910792151 17.10048124999308428 0.001241534994559300885 -0.02375915301422254489 0.9997169405581282087 0.775703900142711511
0.9274082979548124994 -0.3739144425798366367 -0.0100915070612782598 120.9242293179809167 0.3740450319019571479 0.9272040928288616257 0.01956743087049647029 17.90180120102372285 0.002040341643367383877 -0.02192167583963023844 0.9997576091905280293 0.7693914091235369845
0.9252284357847010421 -0.3792929515358129389 -0.009444497373961737927 123.0162976195531996 0.3794035516140372155 0.9250756046409078781 0.01697264625547334482 18.72710031415977028 0.002299269025135374303 -0.01928685079296919846 0.9998113475793519722 0.763651246947055995
0.9225316823379884346 -0.3858555377439807921 -0.007127346977963848473 125.1095682084983878 0.3859209467615380973 0.9224003386722506859 0.01557684396774298985 19.5448234493458628 0.0005638557607809411079 -0.01712072456471208301 0.9998532706637810463 0.7512482762199765851
0.9197810218620364742 -0.3924032657880285879 -0.004748559920409419974 127.1935592645842945 0.3924293838145557212 0.9196634063413073878 0.01477828662705966446 20.39920555388869516 -0.001431971143590226063 -0.01545626201877977127 0.9998795194537443143 0.7503971295832689847
0.9168475380849163692 -0.3992136423603062645 -0.004365737170905181243 129.247259881318854 0.3992366740632002364 0.9167683723759854075 0.01207598832561851757 21.26538751721648524 -0.0008185295241786229477 -0.01281480255423179948 0.9999175520236226467 0.7386064977032911205
0.9136820590816497889 -0.4063922993910508707 -0.005513067020371253263 131.2884407440785708 0.4064271789337764451 0.9136400526085644014 0.00887707684723764226 22.14945854718607876 0.00142938317070656672 -0.01035148612877245973 0.9999454003087754339 0.7249537308563556159
0.9103453910905403568 -0.4138158465996465418 -0.00526441100493569604 133.3166606189890047 0.4138471225797452635 0.910308435572693142 0.008313318089749738987 23.03741880284424326 0.001352054982752738449 -0.009746652154143073052 0.9999515861876062672 0.7179592136779648914
0.9068905564168896483 -0.4213458466279574877 -0.004146831469220054432 135.3679418439724884 0.4213658371520402901 0.9068319272516724983 0.01032893983802633461 23.95180939399513775 -0.0005915767276017373398 -0.0111145511104606149 0.9999380564767941237 0.7143459936265510457
0.9032721992928824939 -0.4290433801605960107 -0.004594771481740938905 137.3856533883471513 0.4290678730883967784 0.9032125114602820304 0.01038842745603662729 24.85769580920554134 -0.0003070309406817801575 -0.0113550465424065751 0.9999354822437401813 0.704653511716713421
0.8993221951136167736 -0.4372618022567526519 -0.004658933698007803118 139.3802608204003093 0.4372854568083319737 0.8992933469587628403 0.007273608432860389009 25.79829877585913067 0.001009276946277955439 -0.008578601452609992822 0.9999626937827045259 0.6948413113291567189
0.8948582561384335055 -0.4463384672901197781 -0.003267114627377166059 141.3753075873032685 0.4463480636788229594 0.8948533575098787107 0.003297666366165062993 26.73474811555177055 0.001451713142169800764 -0.004409214261499390559 0.9999892256212309372 0.6852224816773935245
0.8902560486905299886 -0.4554550851364329578 -0.002198452476011710562 143.333928344813728 0.4554546221937251782 0.8902586958810377871 -0.0007358876034595110503 27.69434669537569604 0.002292355185335121209 -0.000346166951736565174 0.999997312634461899 0.6818355478366677769
0.8853412225368479938 -0.4649340043802676625 -0.00270023108061310602 145.3102334641136508 0.4649267204287841349 0.8853443358926046391 -0.002924300637453852627 28.67247318371892817 0.003750241098205168901 0.001333594320719354949 0.9999920785775721077 0.682567620118902818
0.8802243787820480669 -0.4745377331307387703 -0.004356929296786918662 147.2717807564143015 0.4745312093714522117 0.8802351527171087264 -0.002491436042786974135 29.65651275738730419 0.005017402736919227696 0.0001255238146871612899 0.9999874048774551882 0.6873309757992975833
0.8751258844834630679 -0.4838428796687103128 -0.007124191247179611185 149.2148552526241758 0.483851684517079994 0.8751498441132107287 -0.0005456542926453797349 30.68176993312538414 0.006498745803659070931 -0.002969535740296204689 0.9999744737544387085 0.6863583631612224512
0.869945845250539973 -0.493094712617190345 -0.007199355547136237522 151.1411769162895098 0.4931167509054499853 0.8699617152316262425 0.001576073506944036112 31.73998186002695476 0.005486010187378828097 -0.004921221415192361323 0.9999728422672320427 0.6911339211524465398
0.8648985465456016097 -0.5019405367881869529 -0.002490323692319071445 153.0535890876389544 0.501943315558161518 0.8649003033045955524 0.0006109910789580975119 32.82223508255449218 0.001847200526668364316 -0.001778446627078864679 0.9999967124835005272 0.6825810707010315781
0.8594010595855186008 -0.5112937459139749174 0.002919618561304618796 154.9500267114974008 0.5113006938878025265 0.8593980203917928051 -0.002577397237376728885 33.89183563128129606 -0.00119130732367764584 0.003707820913057108779 0.9999924163967131019 0.6804635053184016069
0.8542075237184666436 -0.5199290019522442297 0.001827389314961267797 156.8238282447998131 0.5199313521184473208 0.8541944359591099323 -0.004822308656767779027 34.98164688135106815 0.0009463123418478946525 0.005069369333678345156 0.9999867029053488565 0.6743216269646019612
0.849949940733702114 -0.5268125597847529429 -0.007322916073007964752 158.6753428901860445 0.5268216961930598519 0.8499754691260268391 -0.0007760826359619656936 36.08090902321924176 0.006633149104581089091 -0.003198239676221148377 0.9999728859303785855 0.655688795131694091
0.8465458824665328397 -0.532094293492675674 -0.01535355696539270239 160.5548008388775827 0.5322406963988564055 0.8465587192857310095 0.007627312643604998964 37.2131288298007803 0.008939237988756607023 -0.01462865796418886047 0.9998530353958761108 0.6611446449961095873
0.84342892396280289 -0.5369923130995019056 -0.01633725481820817033 162.4012770329935051 0.5372111655980496003 0.843311657183777541 0.01515296719246267063 38.37081970322566349 0.005640370531575390929 -0.02155700651754440672 0.9997517100211777974 0.6758841391723078296
0.8394688671652029699 -0.5432628973264346239 -0.01254772684029501796 164.2316794272361449 0.5434063435903461192 0.8392960033715552992 0.01708111443392826626 39.52166415052569448 0.00125172127151735495 -0.02115757814642411916 0.9997753698110573017 0.6800113356066959103
0.8346806052728473757 -0.5506551408553420623 -0.009338256311357073444 166.0750450681285884 0.5507343058497828903 0.8345639004187691556 0.01395781064381426163 40.68332671516736099 0.0001074314242146134105 -0.0167932119439452715 0.9998589783019877775 0.6776020561126985253
0.8298094869151286801 -0.557923345765055978 -0.01173693639655098812 167.892227362738538 0.5580312624299764712 0.8297597305099968512 0.00999498748294568376 41.8661632667435768 0.004162400324050210404 -0.014843512869373977 0.9998811652137663541 0.6713025533398537803
0.8256955896438848974 -0.5638899005094724082 -0.01596788483345813053 169.6885240376365402 0.5640711348109302969 0.8256559316537381843 0.01077206563788491236 43.08839967519139691 0.007109719807880041965 -0.01790147000709498351 0.9998144774186051853 0.6636898761377532097
0.8219685514312795593 -0.5693236341804859268 -0.01543696931033793941 171.4964642109417241 0.5695175274015276123 0.8218434242623710029 0.01493894170116150284 44.30409736571379398 0.004181679138125589737 -0.02107096486221698289 0.9997692373739857086 0.6631567393972028768
0.8179527782360401789 -0.5751796661502384111 -0.01102743049144311836 173.3216270743517953 0.5752853364429530991 0.8178086158195885247 0.01535739447194600649 45.53721773059110234 0.0001850666409424003974 -0.01890554253516617267 0.9998212571313881414 0.6576101001213221497
0.8134054849210483606 -0.5816522547825468958 -0.007222991536295395032 175.1337505468081588 0.5816962327000237964 0.8133201090578532355 0.01182763986268905478 46.75307100452356224 -0.001004969130865298937 -0.01382225410346929993 0.9999039630527249978 0.651286952384081852
0.8096980216311495671 -0.5867981301881877165 -0.007554348036010379366 176.9674799231421503 0.5868441079598578636 0.8096659434031870939 0.007419773974042371233 48.04636823101854759 0.001762588834985316395 -0.01044100094214321477 0.9999439378184783456 0.6399123884319952715
0.8065231013460004705 -0.5911009941932234835 -0.01095909024562838688 178.688502640717644 0.5911769609226014133 0.8065221402337149348 0.00564253375221165053 49.28289443481583021 0.005503441609217509314 -0.0110295954871703402 0.9999240271909878297 0.645307135312577218
0.803566246281907981 -0.5950386959571584145 -0.0144995913738469144 180.44496699101731 0.5951554730251771286 0.8035924636418542155 0.005395860097607540692 50.55414785602994243 0.008441016797862164328 -0.01296544220687045716 0.9998803161097824521 0.6313496592022702636
0.8003882780958843091 -0.5992258415314871689 -0.01752127642571718255 182.2183733599604238 0.5994191747591296471 0.800385519375419463 0.008925990433784235928 51.84616142716841836 0.008675091802931576487 -0.01764684716942688594 0.9998066470909210413 0.6350571682650227867
0.7974964680614233803 -0.6031040779157144094 -0.01627435500998792098 183.9639787606017478 0.6032973946233054496 0.7974231098614952273 0.01219169797663223996 53.14692391593810328 0.005624684016630907175 -0.01954111205273626264 0.9997932325583402946 0.6405022068370420651
0.7943294528552844458 -0.6073841485848694433 -0.01119001226352759303 185.7219566936637136 0.6074851200739697088 0.7942403522066816546 0.0120038250287529593 54.45542012033093471 0.001596626236530381947 -0.01633275771079815974 0.9998653368380270301 0.6318778982264843247
0.7906071184906078297 -0.6122927080756731533 -0.006166346514466843759 187.4958694510688986 0.6123236421441587973 0.7905606937335694084 0.008575942794218959289 55.77301583513334293 -0.0003761160594958957472 -0.01055600117733901909 0.9999442131318395655 0.6407139776128507602
0.7874047531227572616 -0.6164283825853477117 -0.003131118474604792541 189.2666284027883705 0.6164363109465902379 0.7873931545088270756 0.004277239670303651514 57.11478655103046975 -0.0001711906790352309767 -0.005298053968264403168 0.9999859505602569643 0.627834083229226847
0.7847247183704335605 -0.6198419509868116073 0.001752762193431614199 190.9863641544926338 0.619844167123477785 0.7847238494221600025 -0.001299473381515125906 58.43865073575764768 -0.0005699661794975202384 0.002106168305292471267 0.9999976195939788148 0.611950482747740887
0.7825795917732764062 -0.6225491003416246949 0.001341716738293583563 192.6856262319079747 0.6225495785813287553 0.7825727581826422696 -0.003449689641377036691 59.76209147370502706 0.00109761021411086809 0.003534941901293526569 0.9999931496953228249 0.6047815796101372321
0.7811418196768482591 -0.6243534358223254976 -0.0004947007172605420201 194.3571001636118751 0.6243462180289490737 0.7811361602140022287 -0.004254320048218976358 61.06959551174519873 0.003042627957929331783 0.003014362782075640391 0.999990827974000851 0.5722341876850225439
0.7805533351206499493 -0.6250849147312325105 0.002310932166487299991 196.0184172659653825 0.6250884553125485299 0.7805527424683785798 -0.001356193225588122513 62.37307432058977241 -0.0009560685134342274474 0.002503118163582468674 0.9999964101597849098 0.5554765671085282186
0.7809510467772047271 -0.624532381358180011 0.008646801296958999891 197.7051229850534355 0.6245364890506329703 0.7809914710332044319 0.002548728643844673427 63.6941541923499841 -0.008344841634019948065 0.003409810621159689321 0.999959367579318692 0.5495433187497356098
0.7822838103027730527 -0.6228223867429616423 0.01114965066608815218 199.3720369739997693 0.6227938745829360023 0.7823606518850698688 0.006292866115119513139 64.99667507336022254 -0.01264238585668417403 0.002021126856318348954 0.999918039204254705 0.5189718469656103839
0.7845703538681225719 -0.6199639329649788699 0.009699569776243919736 201.0237132943171616 0.6198848995429784292 0.7846280210941283251 0.0100786820816863975 66.31272318412563038 -0.01385897362146464203 -0.00189481833099593047 0.99990216447093061 0.4880959828467252848
0.78651445740418513 -0.6175590867409250784 0.003972741863606254337 202.7208963908687167 0.6175324856644883731 0.7865206771072230651 0.006233268150316459075 67.66506575509117738 -0.006974055006856529938 -0.002449258359164796159 0.9999726814719747114 0.4438616669208248489
0.7865975313106050582 -0.6174660293062850247 -0.0001624462732918176798 204.3122093630069855 0.6174577327676724625 0.7865882733654985248 -0.00498361809225316213 68.88642560764756695 0.003204993208625793455 0.003819797980757881802 0.9999875685036884176 0.4127672246155777991
0.7863425587195420619 -0.6177901733231863091 0.0008258884374581430517 206.0370001185701483 0.6177592210607729672 0.7862882558582191539 -0.01115004456613746288 70.22677641632178336 0.006239001586052880799 0.009277954771780699827 0.9999374952538093719 0.3992379807930968028
0.7864050791648493632 -0.6176908871545609969 0.005001938618015975245 207.6495270557355752 0.6177045392812452462 0.7863334624294336939 -0.01099036009796449179 71.47233809078355193 0.002855453566695776661 0.01173259519244459516 0.9999270936398206855 0.3990840745132815393
0.7865076573412097538 -0.6175328790452433436 0.00767126076567183502 209.270147107785192 0.617580142915944541 0.7864603104880407702 -0.00865719948805387246 72.70003075148321159 -0.0006870367992780827653 0.01154657200849386334 0.9999331000898455946 0.4064228600531181179
0.7872735845306544356 -0.6165567778556808598 0.00761858126392282297 210.9257639687248798 0.6166037339235924675 0.7872207999079851026 -0.009124006998881268107 73.99501763190509962 -0.0003720372803863968014 0.01188073534982717061 0.9999293523623603575 0.4079713862701468408
0.7874136382628418307 -0.6163981907793543158 0.0057474065119232573 212.6383114443983118 0.6164199688676608169 0.7873353895904650068 -0.01137568809447304062 75.32438081422317566 0.002486817015103549161 0.01250018809336183624 0.9999187772208120162 0.4060690156060491329
0.7876280354025244623 -0.6161311937589271093 0.004942663771596809801 214.2154241674572006 0.6161265919344951492 0.787500040379914501 -0.01522199437712133674 76.55755465728340425 0.005486397647250617314 0.01503457611083239276 0.999871922279060632 0.392485941882565248
0.7875387430890976592 -0.6162381499610083413 0.005768073012526147951 215.8560355215942081 0.6162343140998758351 0.7873712275678880212 -0.01737297107844971988 77.82131946112468768 0.006164272828136043401 0.01723637232339759323 0.9998324405667329273 0.3743504763170775185
0.7873936825391316674 -0.6164103397769494785 0.007034323956910766215 217.4798246197514686 0.6164244424379612397 0.7872042980889585317 -0.01817415294639039211 79.07497620239038838 0.005665285739812463833 0.01864634243855445642 0.9998100911928977652 0.3606823361018030027
0.7877068869707470888 -0.6159936300159775113 0.008349131607153840312 219.1963120686923503 0.6160334661516922994 0.7875132176823337327 -0.01804717586629476025 80.40357888167650913 0.004541893876612660037 0.01935922920356427171 0.9998022761749731924 0.3506539178451977268
0.7884215112303166739 -0.6150770615490140925 0.008469296637506191355 220.762857556478707 0.6151184771412431251 0.7882231038011577873 -0.01826465749766996785 81.60205273086788225 0.004558476581238170983 0.01960986971653734881 0.9997973161100998096 0.3414399316621061775
0.7888959920427704997 -0.6144810280459532814 0.007495325906290556221 222.4175293790817989 0.6145048799826651198 0.7887063742627350438 -0.01805568261852513387 82.85749816286300984 0.00518326309803479688 0.01884996999782683272 0.9998088879454600786 0.3304974518898811109
0.7892398319479432267 -0.6140328747273817722 0.008007272994590539442 223.9540896009953599 0.6140630378397187172 0.7890339213072534719 -0.01876317098880462761 84.03061183264880185 0.005203193811357665136 0.01972561229788489731 0.9997918918423148726 0.3328921953618571017
0.7894722455054810073 -0.6137029186604880948 0.01011440577255975914 225.6577302641929919 0.6137691126006084019 0.7892198175850835273 -0.02048306491785784056 85.3378750736463445 0.004588027244400477017 0.02237872111104224557 0.9997390373729730939 0.3226153977651413651
0.7896731209865461842 -0.6134056676204484582 0.01224127944618061924 227.2929234893207138 0.6135144664770854073 0.7893672213096829537 -0.02234702094614263515 86.609707185522808 0.004044924561089834406 0.02515704380371259 0.9996753281602748231 0.3178230067669720604
0.78952281084828424 -0.6135661539045523805 0.01379514164478066671 228.8523676898590793 0.6137104027993885991 0.7891759905816384535 -0.0236811609787581541 87.80287250568683532 0.003643164288997407553 0.02716303871559280769 0.9996243777948288223 0.3105541042502508731
0.789320942390898006 -0.6137965858483354076 0.01503998351301292884 230.3723250679941259 0.6139682978557350346 0.7889115359218716872 -0.02571998673259418 88.96329323217319995 0.003921623551040134478 0.02953539724331550112 0.999556042039866588 0.2991826461834214967
0.7891580967325173557 -0.6140184811910071039 0.01451906048612690639 231.9082014029307572 0.6141780022696355923 0.7887735395351060941 -0.02493360899147877355 90.11960628480095181 0.003857445993191613298 0.02859384698058959826 0.9995836693470238066 0.2927480854847261948
0.7891966977222952817 -0.6139334468590458282 0.01594663387662836884 233.3455151971391786 0.6141300413805953484 0.7887655054292529444 -0.02633001554886508014 91.22446009655953958 0.003586722472172984826 0.03057286824467599431 0.9995261052865008766 0.2756402116795519941
0.7891753653974005189 -0.6139278102886147614 0.01717225681458454598 234.7675840891783707 0.6141579077218489724 0.7886942487316486172 -0.02777492394843304041 92.31548462166253444 0.003508138053188611556 0.03246576307199715988 0.9994666913887388926 0.2675409194949109892
0.7889843695396505652 -0.6141723445147077021 0.01720453008446678339 236.1935031386266814 0.6144010737191157867 0.7884829166481225338 -0.02839032875589014154 93.39227102841081773 0.003871076712987631379 0.03297000739121861562 0.999448844802826919 0.2643271561245943424
0.789324531618923686 -0.6137726083582268899 0.01581040839780195953 237.7501400534557092 0.6139605257660055715 0.7888585837436967729 -0.02747012295238332805 94.60708059562243477 0.004388232639306004559 0.0313898085853939815 0.9994975854554505323 0.2559261683196103476
0.7893333254763956752 -0.6137661891495598265 0.01561942217885065737 239.0811324748000857 0.6139447875361729867 0.7888460718127681126 -0.02817219982054422131 95.63235189405432379 0.004969823894043767787 0.0318267190013679438 0.9994810457472769194 0.2440517978042682223
0.789168347582744234 -0.6139786695908001635 0.01560488580644403371 240.4060787622364614 0.6141581071673328784 0.7886903885923352009 -0.02787992723645898313 96.64385559622573396 0.004810257182306037528 0.03158582323737153114 0.9994894682768086236 0.238370274769697188
0.7889209016968475874 -0.6142454663400468418 0.01750194122179869402 241.8190367838237478 0.614481038091892473 0.7883928899289402992 -0.02914969871206119292 97.73004271772859397 0.004106664259841566987 0.03375141760270489871 0.9994218214139937162 0.2297401773644565104
0.7884132552894849155 -0.6148147684103750787 0.02018265166756949905 243.221355170100054 0.6151426046040973095 0.7878763133827956233 -0.02916317560249748544 98.7997722588106484 0.002028517864026797238 0.03540784312594986299 0.9993708869886311907 0.2411882751503400257
0.7882002535005894206 -0.6150258469412777096 0.02199017907545948794 244.6921620670818811 0.6154176088800786815 0.7876235768522995562 -0.03017064577890923513 99.91765433769792537 0.00123574347390293781 0.03731365407667676382 0.9993028390620697365 0.2261456525628495751
0.7879280367548786579 -0.6153389430134189597 0.02296506274171795578 246.1361546036221455 0.6157656461247513757 0.7872904088019860858 -0.03172508882523503854 101.021570676351061 0.00144150899063657037 0.0391381836513909967 0.9992327679936742202 0.2261067640387994793
0.78762588653862875 -0.6157116834568964192 0.02333636023277078572 247.4768627179618932 0.6161501265039348585 0.7869259571726197056 -0.0332649896609237411 102.0451605937892481 0.002117655171205395318 0.04057906828194649679 0.9991740863102610559 0.2204289330469080266
0.7875155884713618271 -0.6159047441430922643 0.02192131512105948213 248.8923527254609098 0.6162866515843842263 0.7868247767037673812 -0.03312904834090968365 103.1260089478629567 0.003156104166931568682 0.03959945589397156213 0.9992106495125984145 0.2104344696978845963
0.7875000373561723555 -0.6159680541451482139 0.02066512609850129981 250.3227087492940939 0.6163008457268702722 0.7868156189124123623 -0.0330824635089657787 104.234942240473174 0.004118096692850175579 0.0387883759407035289 0.9992389619963339964 0.2020803349519393333
0.7872443652775269474 -0.6162651739016761221 0.0215300899840355324 251.7291498627043893 0.6166290839000406754 0.7865305403569148313 -0.0337384346770288196 105.3144361459962397 0.003857749004333036694 0.03983647225591612634 0.9991987656371594806 0.1950964866859796754
0.7868856948555585928 -0.616710691699375424 0.02188209257275916531 253.1067004951581509 0.6170869185216731889 0.7861558670698248763 -0.03409820612756399305 106.3569367514302826 0.003825992826798207003 0.04033454369854620053 0.9991789060841503867 0.1852235612515045204
0.786788331835739152 -0.6168367155866417706 0.02183087701901303967 254.4139775118446778 0.6172114083302857601 0.7860654617957099077 -0.03392885495920325983 107.3743144401830421 0.003768065031294645824 0.04016909354443858743 0.9991857913369955879 0.1845176065897118356
0.7865833959655819108 -0.6170908037751199338 0.02203408921260369482 255.7715923830298834 0.6174719166395706837 0.7858432277796978394 -0.03433443627381908142 108.4157271636859434 0.003872125089358340305 0.04061232878033816523 0.9991674761511856184 0.1688768064020826909
0.7865192233112845432 -0.6171377389103875899 0.02298961883955367991 257.1861690324878964 0.6175542868977729194 0.7857321520302305018 -0.03537920293231546637 109.5120162131801891 0.003770158616943671513 0.04202376088020925993 0.9991094982160294569 0.1640486266701590701
0.7866469849325385955 -0.6169492448118765182 0.02366749717654488203 258.5371046814816509 0.6173916853928711479 0.7858217755491245793 -0.03621662436742811852 110.5701362915097832 0.003745384399043793274 0.04310181433392969857 0.9990636644863163385 0.1542727293986707604
0.7867718509374148628 -0.6167721654038835766 0.02412779632537276342 259.918831006919504 0.6172302625131441678 0.7858931196253364782 -0.0374006358704177394 111.6539429729180313 0.004105802049447772675 0.04431817356977834493 0.9990090299296446874 0.1474451400858376449
0.7866612685604479349 -0.6169605353094931299 0.02288550671255881741 261.2672731000958493 0.6173687602088469006 0.7858325488578618012 -0.03637332915403194283 112.6940914173035679 0.004456732554026137175 0.04274228615996117364 0.9990761905424240252 0.139055914093541011
0.7862583821927078276 -0.6174798905113949576 0.02272314339482104512 262.6547343016146669 0.6178831717937171009 0.7854543651009493477 -0.03580260267076153941 113.7374597507085809 0.004259395008887808046 0.04219034436811677086 0.9991005116584907864 0.1343252602590763178
0.7860170066291813917 -0.6177656250668762672 0.02330016685418959468 264.0111141763260889 0.6181956473323308998 0.7852408919572758661 -0.0350839452955638495 114.7870846977140218 0.003377411591988899175 0.04198063939333810529 0.9991127158669660391 0.1393014009287405486
0.7857226325289489166 -0.6181202790994932972 0.02381733187707807051 265.3500837373557601 0.6185700462615372208 0.7849218268567532686 -0.03562055013411239562 115.8255795796200545 0.003323040742765339881 0.04272056050453475889 0.9990815337650877925 0.1292112507037159741
0.7857446347172621914 -0.6181025966693147744 0.02354886416978051178 266.6554950849766215 0.6185399550901607979 0.7849331930482283948 -0.03589159244411732619 116.8571487013697947 0.00370040134286083117 0.04276753958042414649 0.9990781974340839922 0.1167391450744652559
0.7855003199641167333 -0.6183905191515087774 0.02413323765676149771 268.0376534850234407 0.6188488588621668951 0.7846403441356050168 -0.03695429934058042792 117.9253999124109242 0.003916276453994105115 0.04396244054061200501 0.9990255084833665755 0.1153268385602992385
0.7854944294734514942 -0.6184255625255712374 0.02341633790984004246 269.4988120789378172 0.6188564618924679017 0.7846781746849157413 -0.03601168903405280175 119.0609815400119373 0.003896259759481564451 0.04277833316154072696 0.9990769907128312921 0.1128986411034200721
0.7853331751313016307 -0.6186582127745509085 0.02266759371408662294 270.8321993499873201 0.6190597213007512645 0.7845463918245512147 -0.03538390224542749263 120.0932784127536479 0.004106762864414051535 0.04182074654613829323 0.9991166897100153266 0.1124883916346828272
0.7853349142403175387 -0.6186479526922129546 0.02288630824066451019 272.130138867850917 0.6190590347245059633 0.7845515759495848007 -0.03528081916545952601 121.1157989488598332 0.003870917348134409949 0.04187523498150758777 0.9991153490434062645 0.1132454513793175188
0.7851429239951033257 -0.6188814644572302459 0.02315862370032703912 273.4674723788341453 0.6193030759406308317 0.7843509412940649073 -0.03545844076644702469 122.1482726910304137 0.003780083450482133421 0.0421821507558395245 0.9991027860669386973 0.1159603834422957558
0.7849229267328102777 -0.6192092990375375194 0.02181382760179532629 274.7483038901041255 0.6195788531235177921 0.7841765108252798377 -0.03448542637167501673 123.1190948675571519 0.004247805474095450728 0.04058378808503847884 0.9991671092931967424 0.1177527272783132073
0.785580482881191644 -0.6184240412001908993 0.02037179868785172696 276.0475447893679757 0.618743593456673735 0.784898437312322228 -0.03302739258550124041 124.1454091197938254 0.004435140637694858466 0.03855059494092208383 0.9992468069287110399 0.1120066424064021238
0.7859254746789285928 -0.6179796910846467872 0.0205487142572283038 277.4069580774510086 0.6183115866876549571 0.7852934544759554436 -0.03170129532077695794 125.2063582163321342 0.00345398588521877211 0.03762036368969660233 0.9992861343065656543 0.1088943941489164402
0.7861455014082404658 -0.6176896656695731735 0.02085012087728204538 278.7027361239757965 0.6180303051885680521 0.7854811120893362419 -0.03252636498942333004 126.196905437164915 0.003713823381878815673 0.03845646208260279642 0.9992533752957643012 0.0999000559394132015
0.7861588270107351395 -0.6176455134657086177 0.02164066562714996034 279.886909178001531 0.6180123226459287578 0.7854412932436721784 -0.03380449564025807263 127.1059493700273606 0.00388172267033395392 0.03994990066807366236 0.9991941441310200345 0.1046941441093443004
0.7864138182196811488 -0.6172550017074771578 0.02344289615735983129 281.2313329907677826 0.6176941876694604927 0.7856750192999679694 -0.03418559005429526454 128.1422994902894743 0.002682728556454304619 0.04136456110123098995 0.9991405186721209475 0.1028802851533630047
0.7862974274867760016 -0.6173214352652742765 0.02550688318278106909 282.4926213481669492 0.6178440266247392509 0.785470719917227056 -0.03611795837033815459 129.0950762392460831 0.00226148000360491732 0.04415873316496766315 0.9990219677231619855 0.09759160466004312973
0.7865990361719642499 -0.6169184475191722417 0.02595352392010132417 283.8118068076052509 0.6174578798053272921 0.7857067412876996837 -0.03755906496937721356 130.1300648311045052 0.002779021346984735224 0.04556913215761491248 0.9989573220287014665 0.08542878666145337085
0.7870120252201538991 -0.6164476308420149264 0.02458435657361809912 285.1220297946755409 0.6169290503786505342 0.7861654583667307961 -0.03663903478429342969 131.1473419917237777 0.00325867423476623513 0.04400216472283078467 0.999026121050864524 0.07963194613576662917
0.7873506267877933285 -0.6160274643581316045 0.02427248758079580265 286.4148028607519905 0.6164998957234349986 0.7865656772113518436 -0.03524647508675376323 132.1443645205882262 0.002620891043662193411 0.04271532031412490077 0.9990838465016832481 0.08009090937699503421
0.7875910169036073327 -0.6157203671061178829 0.02426560577132328908 287.6959208796183702 0.6161941041064646907 0.786828739587667858 -0.03471830386573410143 133.1219217188039181 0.002283890797130005024 0.04229614745564316824 0.9991025071298926807 0.07541429942325916791
0.7876250602586173377 -0.6156240949431678322 0.02556830416775877565 289.0699793656555698 0.6161514178905536099 0.7868043553274166602 -0.03600467565842920686 134.1729726881867748 0.002048092788414039404 0.04411213170108379406 0.9990244867633206738 0.06733784398172959484
0.7877478816304459563 -0.615446274749248845 0.02606065778174071479 290.2765015595136902 0.6159951726100760805 0.7869159705633383961 -0.03623813727886291552 135.0998263066197467 0.001795078780290553389 0.04459975526425304787 0.9990033230788279983 0.0628236700232258638
0.7879131131256333909 -0.615181277345817179 0.02729326231584753432 291.58732918097013 0.615784578814095318 0.787027791074468186 -0.03737122651439998139 136.0973495068557781 0.0015095229114509398 0.04625204946391089228 0.998928660746585928 0.05510295715548707562
0.7883654921349674272 -0.6145536423721609243 0.02834909977231782341 292.7954547239518774 0.6152047299058519547 0.7873953774538094974 -0.03913642632945287664 137.049834544410686 0.001729483234495103432 0.0482943082721258507 0.9988316518193937066 0.04944247644601973413
0.7885002071231259624 -0.6144202453379671303 0.02748063837722510006 294.0497506506243894 0.6150295748239602567 0.7875278003198458165 -0.03922481121998757508 137.9989362868800526 0.002458751440518988814 0.04783017710836147407 0.9988524559208614706 0.04241631658896394264
0.789006931696361935 -0.6138277803006655375 0.0261441746140578142 295.2432109292970495 0.6143758326152146676 0.7880580429946513199 -0.03881825820154923695 138.932837325493665 0.003224598184930225608 0.04669022384395082881 0.9989042121064198865 0.02497671502381848541
0.7892324169775888354 -0.61356825196056064 0.02542031033987579222 296.505199040452851 0.6140854447170153163 0.7883179912408758705 -0.03812887714916420728 139.8915696905312416 0.003355380517781086924 0.04570278844898358755 0.9989494464433965604 0.02736434420133093681
0.7897513099095048172 -0.6128973486121201963 0.02548938132741764701 297.7676314616836635 0.6134204705113339706 0.7888667178727469809 -0.03747836429639760103 140.8741094328303518 0.002862665519214390147 0.04523429558325296751 0.9989723037448094978 0.02194149091130337403
0.7899159169356222421 -0.6126479289880287782 0.02636966587642617169 298.9122507016943473 0.6132126550232964712 0.7890588390221138226 -0.03682917702519945824 141.7342248535080955 0.001756101088968051605 0.04526216596400529923 0.9989735994715837064 0.02369126161487278281
0.7896583839841945229 -0.6129054617417014628 0.02804517018422499064 299.974453819233986 0.6135448230077317211 0.7887153993157802745 -0.03861047840367096834 142.5160646010574794 0.001544915493339911895 0.0476960569580014912 0.998860700691932113 0.01596812502324018723
0.7894544662625686549 -0.613135681677821065 0.02874511352485050603 300.9786846949692745 0.6138056436535676008 0.7884260373817260081 -0.04033627892578572904 143.2602066047325309 0.002068215925022616648 0.04948756845939000087 0.9987725982679264147 -0.003482167005733005638
0.7896901563816167702 -0.6128605716643252821 0.02813141683694898171 302.1950405048088442 0.6135024581556758339 0.7887021444472863685 -0.03954315593367643128 144.1917358482135398 0.00204713236528233011 0.04848553437395775739 0.9988217870098503592 -0.001898488671336462374
0.7898335139967865848 -0.6127278060967888962 0.0269750959832180115 303.2579779617404938 0.613316045759767392 0.7888803495871955507 -0.0388744395301977505 144.9940228694172788 0.002539326897191176123 0.04724859438120913857 0.9988799337998082173 -0.005849825905096972534
0.7900020937756988548 -0.6125480925589740222 0.02610605547329417422 304.3909596130776549 0.6131011633946191752 0.7891489876531554426 -0.03675375804138087538 145.864517067475191 0.001911877134254687857 0.04504119878913744046 0.9989833007300277234 0.0004433756924384635312
0.7899227591873677623 -0.6126219307319049623 0.02676573376780411531 305.4352770656042821 0.613204558048992765 0.7890619120030735179 -0.03689808957105285975 146.6419889035459789 0.001484757810348417452 0.04555951066865203403 0.9989605229847061674 0.0014687779702482473
0.7899142450257797821 -0.6126279976352734247 0.02687790949362954193 306.4777106569371767 0.6132150071760352761 0.7890316608602845339 -0.03736834401142054285 147.4247074417229726 0.001685372198451697435 0.04599972471065774671 0.9989400306560430876 0.004643831512189722233
0.7897338976307290981 -0.6128684596634816906 0.02669498235040403469 307.4500639832178308 0.613446677766159576 0.7888485335618001804 -0.03743213372303301478 148.1541483203506289 0.001882676456178348362 0.04593737309760714121 0.998942547538271941 -0.008067849686808958865
0.7900397162514068983 -0.6123829180727443644 0.02871251291870785191 308.4835979655175038 0.6130546813128923134 0.7890876467279823725 -0.03878973448791438877 148.9524048701884738 0.001097481546306013859 0.04824777128537004189 0.9988347951990109719 -0.01216197950036623787
0.7899526736505400049 -0.6123759293926648306 0.03115276059731337047 309.4916402569017464 0.6131676849640848026 0.7888987957170849885 -0.04079313952024036377 149.709362979604947 0.0004043614080686578033 0.05132651572630837766 0.9986818438698326084 -0.02324195147349161772
0.7895623547350123506 -0.612834296778443699 0.03202206547637201361 310.5030657284769404 0.6136696725072705583 0.7884087734230731392 -0.04267480561578020082 150.4667415463149212 0.000906107125003635769 0.05334539044374592837 0.9985757098429153267 -0.03628110597931821779
0.7891910207221635165 -0.6133300836907844555 0.03168187575515669235 311.5486943790843384 0.6141443411766408511 0.7879623865294484997 -0.04406819278715549959 151.2679566662162074 0.002064221940484964844 0.05423546675996723104 0.9985260402879380104 -0.05809938527742475323
0.7887850728658042376 -0.6138838828555983618 0.03105941393880421939 312.62030442816598 0.6146617815683952379 0.7875213717965556803 -0.04473235118834707064 152.0997593480746559 0.003000517164478574712 0.0543752455976547408 0.9985160637480703372 -0.071096644117286667
0.7880776618015765678 -0.6148496620985494099 0.02989133631438107078 313.5758496668865973 0.6155683080204844559 0.7868983847678574506 -0.04320405317253301486 152.8127347967920002 0.003042553230080419918 0.05244830852407562222 0.998619005328261089 -0.08354447755445115753
0.7875408697550668746 -0.6154807251351599451 0.03102991222241013175 314.6121114637789447 0.6162589749750805312 0.7863689806642811808 -0.04299653487994680584 153.6052026865130813 0.002062578021770088144 0.05298399037555656665 0.9985932317694663496 -0.08720645906799440183
0.7869640447853563092 -0.6161413316636589199 0.03251848137297885105 315.5639515390930683 0.6169961299852723124 0.7857100575626595473 -0.04444638374580479195 154.3263233575412414 0.001835156197360679996 0.05504148308880676965 0.9984823820884952683 -0.08841425055721785498
0.7863005550197517124 -0.6170181295340649852 0.03193845647357163031 316.4413177382336926 0.6178384681164567072 0.7850196272612852688 -0.04494232003427117011 154.9947997473739747 0.002657911048283343684 0.0550709782084583474 0.9984789045683554187 -0.1015070171297407509
0.786151180632003177 -0.6172927496768152444 0.03026520093017856516 317.253097844375759 0.6180278764458149166 0.7849776934518304383 -0.04302981197868109564 155.633755430422525 0.002804483336368650791 0.05253267535049741671 0.9986152677051033377 -0.1064386497190124015
0.7857100393862770371 -0.6178672775399688399 0.02999602228566577988 318.0536021496560579 0.6185893977533691857 0.7845729209087795031 -0.04233779356308257913 156.2444169798831126 0.002625070425561404439 0.05182045080866431314 0.9986529676936065636 -0.1113926648651057949
0.7851856726034909251 -0.6185258277352578826 0.0301539377630468397 318.9866190970438993 0.6192572428085664216 0.7840944290450091447 -0.04142938051327285653 156.9714385493354882 0.001981607260756100553 0.0512028003628256026 0.9986863103435776878 -0.1039335139222667959
0.7851754306897147373 -0.6185928322975210447 0.02902500424379146973 319.8342359259768273 0.6192693414349281777 0.7841377300595930855 -0.04041661855894378846 157.6562883949991658 0.002241829603568887448 0.04970843114723934308 0.9987612557928490231 -0.1231272594454639879
0.7848256742776084094 -0.6190514226241661255 0.02870535040185603903 320.7435919433228264 0.6197130679962096211 0.7838224876550509146 -0.03972431498431259339 158.346395034929742 0.002091494542816473359 0.04896574305821967121 0.9987982687496679279 -0.1305658085882355213
0.7845091012868521396 -0.6194006760953253421 0.02980389992516764563 321.6205904790005548 0.6201159352991808538 0.7834998111752173866 -0.03980292296328006435 159.0462297862390244 0.001302607430371895787 0.04970762860017117341 0.9987629623052858285 -0.1297681486961621555
0.7840816652033107959 -0.6198370564845725461 0.03190557475652434916 322.4164156147681979 0.6206569433533593028 0.7829654463911824847 -0.04183381915055529865 159.6815127994486829 0.0009491887421788011703 0.05260354708569805332 0.9986150238579101224 -0.1353191036573475614
0.7835801148474499378 -0.6203547310111098279 0.03409122068496177327 323.2621903270136272 0.6212896932863058996 0.7822967544477535951 -0.04484311537704527978 160.3547425167748486 0.001149187480419364311 0.05631869754037825693 0.9984121812535593499 -0.1513539355887754123
0.7828280656183498332 -0.6212550127866568461 0.03496324881476929602 324.1640091821756187 0.6222354468201518607 0.7814247387804259537 -0.04688737935168799109 161.0433336435156946 0.001807871886669614857 0.05846012922833778575 0.9982881071563697306 -0.1568665507488142818
0.7828713817794983321 -0.6212543608841969434 0.03399144999888834701 325.0973282165864475 0.6221753439750108416 0.7814108487924464885 -0.04790539363208757423 161.8087353700117035 0.003200146908491091451 0.05865240380271091736 0.99827333661073403 -0.1701274421971232798
0.7827281544010566972 -0.6213749424293937285 0.03506875003166237681 325.9212948080741512 0.6223532669685052365 0.7811443650520485393 -0.04989881803270027061 162.4714156529115314 0.003612118705712004992 0.06088236089623660224 0.9981384126112752275 -0.1864841577318070431
0.7823694712829192266 -0.6217420407009842664 0.03653553379192600592 326.8508936219413386 0.6228079115309984592 0.7807421721703864392 -0.05051698653980173787 163.2044933969990552 0.002883702287207624143 0.06227756754757069607 0.9980547023292243303 -0.1967361372244962325
0.7820638243019841784 -0.6220860446624419948 0.03721730450198607043 327.696744651237168 0.6231927401911536712 0.780407726543748903 -0.05093710753329571544 163.8887241423137766 0.00264259175745202397 0.06302962309149191811 0.9980081579434848527 -0.1971387538963780273
0.7818163208905588579 -0.6223694458150610398 0.03767642903732554976 328.7238777024306842 0.6235037727910708316 0.7801383865760477265 -0.05125566413404375465 164.7225714179230067 0.002507130720861596319 0.06356391040814779458 0.9979746207139605918 -0.192235229069326552
0.7811090832133837925 -0.6231531955887282814 0.03935346171689838024 329.8645540852682529 0.624393269069271506 0.7794249847632144235 -0.05128097764133636438 165.6053655785175067 0.001282833791039613086 0.0646280740423168798 0.9979085962066092108 -0.1864193912047986679
0.780919095345288361 -0.6232408068270336443 0.04166849206156465757 330.824516388223401 0.6246321389727044204 0.7792051344260984003 -0.05171121199884965575 166.3851744616356712 -0.0002397654699974699716 0.06640975221753238344 0.9977924069278766295 -0.1746268207916674697
0.7808343124764152154 -0.6232132925490756481 0.0436230265986218696 331.7427380856981927 0.6247381442409580821 0.7789469734616045749 -0.05425738351017452693 167.1468098850507999 -0.0001661019197577885003 0.06961899543333330276 0.9975736403318833379 -0.1832524250219644824
0.7806124855513402183 -0.623497706408198793 0.04352881235542944982 332.8203614076067538 0.6250153150077136788 0.7787105582762987588 -0.05445844686385651473 168.0230658973387108 5.837094376658346359e-05 0.06971711793190102369 0.997566799798440762 -0.1851078988931118552
0.7811554827224999054 -0.6227707284640097152 0.04418972257193868464 334.0309836453461116 0.624336514919307084 0.7792153040546774267 -0.05502205071960211691 169.0430461037333885 -0.0001671855017547558598 0.07057003397606791129 0.9975068131865689747 -0.1863153534361012831
0.7823833057756157672 -0.6212927625388328101 0.04326275604356496357 335.1651173288620384 0.6227971605399360566 0.7804660542406306467 -0.05473970224119133893 170.0265970977939389 0.000244268321086745096 0.0697713508177003755 0.9975629799356332539 -0.1786967570191986265
0.7835294685478888521 -0.6199462039900214272 0.04181239141003111753 336.4860566831058577 0.6213530598745717892 0.7816003620772863369 -0.05496588928746441727 171.1590852740116304 0.00139531414730179569 0.06904765136496518463 0.9976123871220788919 -0.1890637729965283231
0.7849591415826203677 -0.6182608462407991334 0.03990829552219325727 337.7108034705280488 0.6195450447949858441 0.7831432052215399064 -0.05339154975566889894 172.2097747611241232 0.001755994263868727954 0.06663517180096438508 0.9977758617862035884 -0.1866092889388528686
0.7864950768696015171 -0.616340025283503179 0.03937597355507820029 338.8636796534684095 0.6175958506599185105 0.7847983454282390081 -0.051642252669204948 173.2157453673313512 0.0009269884201833736726 0.06493481536609671534 0.9978890772254398467 -0.1768472316652678344
0.7883957919863153752 -0.6139443534731210406 0.03878667318476767406 340.0291564030339373 0.6151682925410060232 0.7868493288055512513 -0.04935692059313220165 174.2387214320664839 -0.0002168650590599911689 0.06277312001744769776 0.9980277993988049268 -0.1621790403407068482
0.7906038296054735959 -0.6111175353667928078 0.03848301677852116603 341.259198258988647 0.6123240838318058099 0.7892607757098774046 -0.04611555361678167098 175.3048919298843202 -0.002191112205909039219 0.0600232112857961228 0.9981945767906384992 -0.141472635063814911
0.7918858550595248014 -0.6095088786827883576 0.03762604634419264987 342.5964574238462887 0.610656896059128429 0.7907555415876508231 -0.0424715050810764369 176.3909455293986071 -0.003866245216766866968 0.05660918878831476542 0.9983889281701058271 -0.1170372741443488351
0.7944875881182094091 -0.6062279268259798126 0.03573755814804478043 343.7513918340971486 0.6072619504364888954 0.7935451940859498121 -0.03897368978123003092 177.3755328460812279 -0.004732428359914161303 0.05266617205917586281 0.9986009605655562504 -0.1068861959347691126
0.7961556225622156147 -0.6041664895038759697 0.03345261758269226643 345.2499999247831965 0.6050800289105300322 0.7952688820339977038 -0.03775664023754674026 178.5989751694220331 -0.003792528998319134696 0.0503016722282499662 0.9987268688159133267 -0.1104224321414859489
0.7972522419784220382 -0.6027991017241568494 0.03197038662464469355 346.8980587807456004 0.6036374064384336657 0.7964091663366913432 -0.03680110491788977922 179.881587911829314 -0.003277835972234579513 0.048638284668005273 0.9988110797622807846 -0.1087801843033546767
0.7988909606320159229 -0.6006940100338125088 0.03065842999817195227 348.4109358450621698 0.601466180865049771 0.7981290581509102866 -0.03504910570545454601 181.0882821702900571 -0.00341559600451812927 0.04644042252864261089 0.9989152220580558295 -0.09683360199815083114
0.7998456696102770325 -0.5994173685446754218 0.03075261115197160111 349.9707114534001562 0.6001958683827307572 0.7990755319527134137 -0.03525923724058582093 182.2920975903030296 -0.003438659911552279132 0.04665953837603802751 0.9989049319612691713 -0.09505649317286835043
0.800977527674540779 -0.5980178430336787754 0.02845451763299887415 351.7247611044294899 0.5986851110475197579 0.8003248694608108282 -0.03249986357748460564 183.6665067768857682 -0.003337359794704007274 0.04306695642696901222 0.9990666140421859964 -0.0869103411869500686
0.8015165265510496573 -0.5973551249902503413 0.02716822249288674759 353.4180875712039551 0.5979588434370548544 0.8009788252547256349 -0.02963347851635898117 184.9747827213118683 -0.004059460673575925917 0.03999720167014433891 0.9991915455194751994 -0.09122414252930122203
0.8020846626531710211 -0.5965963845501502938 0.02707301014364550673 355.2200710960910328 0.5971986198491878728 0.8015283977007823246 -0.03010043404075384357 186.4046673269658072 -0.00374197631926919197 0.04031106077624023454 0.9991801719371338208 -0.1022097156601000645
0.8009766001455197459 -0.5981261997116370521 0.02610622986643443277 357.2388882656207443 0.5986872677363233031 0.800434333069503845 -0.02963838548225336197 187.8739974958628807 -0.003168827818009849889 0.03936912066700965634 0.9992197110086280532 -0.1093110175925715577
0.7994608155751344869 -0.6002467471245267472 0.02379594348550189559 359.3897550839038786 0.6007131123863804767 0.798990189750633184 -0.02753966755999464125 189.3444794364498875 -0.002482129530998870761 0.03631142036152764513 0.9993374403995478605 -0.1416342526512772704
0.798767330882188098 -0.6012017217491379961 0.02296172644243458377 361.3322971174782765 0.6016320110721550263 0.7983720233001648792 -0.02531868213148854782 190.7299841534410803 -0.003110364708441349432 0.03403824580487425228 0.9994156910184607279 -0.1571109078771379952
0.798147175708480705 -0.6020877075875935569 0.02124801827211511215 363.2037230505604839 0.6024542556293349671 0.7978243963415123652 -0.02291511458416397445 192.1291681548720192 -0.003155278542317345187 0.03109059301811230996 0.9995115903495579435 -0.1788258048280235712
0.7976291458679009017 -0.6027588335256338636 0.02166873943864875904 365.0543571006061825 0.6031305361965968448 0.7973658117536738255 -0.02100758324058877441 193.510050259755559 -0.004615405642887067741 0.02982533911327622453 0.9995444698348991963 -0.1869011658891517325
0.7963765965516429457 -0.6044373534248832502 0.02097146274213278205 366.9419610847042463 0.6047805626694975345 0.7961561649654800288 -0.01938638709572403085 194.898713707931023 -0.004978702841883149779 0.0281219980119148602 0.9995920996815801374 -0.1946772462572416984
0.7952925091361443544 -0.6058956752546339475 0.02000638947104348836 368.7959733612479454 0.6062075285868361307 0.795092067963585003 -0.01846715316529118703 196.2984378072748655 -0.004717753339902010061 0.02681481249461288921 0.9996292856025690288 -0.2132048235581147644
0.7947855857137902102 -0.6066333479564318676 0.01765938528822716055 370.5103850128724048 0.6068802821121372926 0.7946033290747267497 -0.01737448148446986418 197.6351476660169055 -0.00349226646750756646 0.02452612016875400924 0.9996930896552139734 -0.2335918262765039888
0.7932056394897006868 -0.6087422114065578205 0.0160540815242954174 372.3231750866030438 0.6089478551689806451 0.7930392684915076318 -0.01646901076424290081 198.9988477203306729 -0.002706135036026638407 0.02283941072594170701 0.9997354840910962492 -0.2403087210255301365
0.7912186430376273449 -0.6113915695367694303 0.01316843229323243734 374.1064978741168261 0.6115329799269549893 0.7910589077224028376 -0.01591285564245066564 200.3208284299815887 -0.0006880198792509200105 0.02064347868952024628 0.9997866639519858989 -0.2604261843482720273
0.7886635775732149245 -0.6146905831393897346 0.01285489825610137103 375.8450429036482205 0.6148237669279599249 0.7885312221398055321 -0.01449990797275328008 201.6544502455270447 -0.001223531745127270573 0.01933904626556589082 0.9998122345018622958 -0.2667348038524548492
0.786084189621647722 -0.6178937542047187037 0.01670195622303111485 377.5275580531874198 0.618103576150053069 0.7859706099916109467 -0.01407726464660337233 202.9576233258429454 -0.00442899281924582968 0.02138945404197184832 0.9997614091764062128 -0.2749087418555908879
0.7828203527236469172 -0.6220005796544983978 0.01753779550265675835 379.2452844984370586 0.6222355216227324348 0.782670842546004164 -0.01578948571721219135 204.3139626871022756 -0.003905251913911481423 0.02327297011118147074 0.9997215201593356859 -0.2920108715544105227
0.7789740824996953528 -0.6268693418491878555 0.01530382446723589814 380.9918700598645387 0.6270560780172186321 0.7787510278594258484 -0.01864166380856554714 205.6528873113981319 -0.000231981511390876396 0.02411772911063401678 0.9997090983516777607 -0.3075727962845189456
0.7751213678854214084 -0.6316558018430122878 0.0140646025715035726 382.6213998237057012 0.631812295769893506 0.7749187573573086407 -0.01772406301561101072 206.9485488177614343 0.0002965828886078948276 0.02262448880894063138 0.9997439895016745348 -0.2911748721888494096
0.7709365196802092646 -0.6368424100323860637 0.009414213058379573146 384.2760276124630536 0.6369020114519532427 0.7707574837610197127 -0.0169920285674634193 208.3028478471500193 0.003565169255775781174 0.01909570659922613448 0.9998113039757321463 -0.2892448904471223159
0.766325224239940761 -0.6424464764982416032 0.002859288127983001127 385.9608589496549484 0.6424081080440429137 0.7662117611509513537 -0.01521051587655041816 209.6940066488800483 0.007581122138430516216 0.01349303186655303154 0.9998802251660797724 -0.2966958234558823015
0.7624559475375218831 -0.6470394343609769949 -0.0009478641710093790515 387.6042838594223667 0.6470021894402652185 0.7624262864764886904 -0.009712082638359622461 211.0747541210337204 0.007006777016778070744 0.006791764976658151536 0.9999523873686881892 -0.2870156475795280215
0.7581568111907625029 -0.6520659180732170102 -0.002878911667141760729 389.2771682455148152 0.6520317181906566395 0.7581515092425301638 -0.007805607382765411377 212.4709527652359213 0.007272421769581462192 0.004040732681878928326 0.9999653915816281158 -0.2770383426795195447
0.7531164447099956138 -0.657883474723498729 -0.002225846605623355359 390.9368495504653538 0.6578394786216525958 0.7530982271196188238 -0.00950161439331729564 213.8810682210803407 0.007927236225093560809 0.005691572280365399077 0.9999523813316356646 -0.2749738561751307042
0.7473454492539405303 -0.6644354037903226207 0.0006112850536768358028 392.6105843574043206 0.6644110229627039343 0.7473094669326194595 -0.009303397150363840878 215.3068316035596865 0.005724687334616620007 0.007358996050761732084 0.9999565356214468181 -0.270368068940773254
0.7416285454545008538 -0.6708038632328461315 0.003045921688193067248 394.2150455442096018 0.6707917732757124885 0.741565709097177006 -0.01089476924152769921 216.7345137369425743 0.005049502219687802655 0.0101230510761386016 0.9999360111348342128 -0.2652478824338437846
0.7354897938333246898 -0.6775347889663647649 0.001171711277235749091 395.8628075243503304 0.6774777467118735519 0.7354030342453692359 -0.01436244870858770922 218.1557367909132665 0.008869378626274524238 0.01135724275551944044 0.9998961681893655529 -0.2672753575032806861
0.7301630793439893852 -0.6832709046623102189 -0.001657831369964051383 397.4087837457558976 0.6831512609158674199 0.730076710436472931 -0.01709829194156463686 219.5921816407787333 0.01289310947613490389 0.01135199190479853175 0.9998524391168077674 -0.2488420837064564406
0.7246075546051216065 -0.6891538798798784171 -0.00328962850426515194 399.0212254428382721 0.6890472215494243269 0.7245659143078715392 -0.01477031814880345496 221.0584216642025694 0.01256257474423419854 0.008435974733750427335 0.9998855014680866349 -0.2377179288998756412
0.7190837955740443377 -0.6949056016410438685 -0.004969884377423775326 400.5915418806410457 0.69484629603213377 0.7190921649679054006 -0.00975106005494370473 222.5448254603400926 0.01034987117072043959 0.003558523523818490387 0.9999401067449389391 -0.2232427852215730368
0.7127761387273161553 -0.7013736743202998447 -0.005014482168650124042 402.1846002190558238 0.7013095885688441777 0.7127839084327878272 -0.01019611988345327409 224.0535948290317947 0.01072553226540484683 0.003750846533946814668 0.9999354449702753111 -0.2113626964711918799
0.7068686649611177764 -0.7073223990926728044 -0.005631539565045135323 403.7626378075573257 0.7072453471875199682 0.7068803757802241128 -0.01114240631162730782 225.5622914585308365 0.01186209836796587279 0.003893337719073724796 0.9999220632347872728 -0.1970741919737697412
0.7004764438104412738 -0.7136628850004314017 -0.004247144869050303514 405.3036980628120887 0.7135604136333737468 0.7004579421079499824 -0.01379157109485103574 227.0929770239376921 0.01281747877104926284 0.006630076225559734457 0.9998958717422514741 -0.1859403394768934792
0.6943748029442733394 -0.7195887442689838931 -0.00597261730638704632 406.9020879030215951 0.7194594965884284488 0.6943739777688305859 -0.01492688065929162478 228.6972712539905217 0.01488844534619957263 0.006067793575799747437 0.9998707496853254106 -0.1762511107366753205
0.6891959829666727266 -0.7245352651774825681 -0.007585946005397829414 408.4208913185022425 0.7243964700769282006 0.6892208096991183641 -0.0149809751944849686 230.2470241347348292 0.01608263668332753776 0.00482959541645804763 0.9998590019624894465 -0.1595288870652822322
0.6846663982660918801 -0.7287994099234402778 -0.009129248631871764511 409.9043732404075513 0.7286855430835333935 0.6847233686733856795 -0.01308769244850476084 231.8258893462590891 0.01578931241040186853 0.002308351753071999878 0.9998726764572531955 -0.1337235346547460679
0.6789256903925078301 -0.7341548898023728675 -0.008746696766345865223 411.3746174992585907 0.7340328669462646838 0.6789759477759648165 -0.01368987159829198642 233.3547842388694562 0.01598928290149133694 0.002874042622544697046 0.9998680326479589819 -0.123372199598318133
0.6727084320752354518 -0.7398613326215004449 -0.00828093632483164338 412.9155753923101884 0.7397644210049395541 0.6727562866042917644 -0.01214826117724426315 234.9195785032379149 0.01455908067513030611 0.002046295663266588412 0.9998919170810181001 -0.09480272233891939848
0.6665454944675712756 -0.7454287172897470226 -0.007289118241826745941 414.4085691214542635 0.7453207721530424879 0.6665771561142638246 -0.01310883457111737017 236.5490353313042817 0.01463046144772898668 0.003304903384785881203 0.9998875072784156881 -0.07205849634099559253
0.6601150395973051088 -0.7511143684121218689 -0.008679865339256185794 415.8734334370933539 0.7509546447702917238 0.6601596783384318101 -0.01601001542857609372 238.1663805153297062 0.01775544973728752224 0.004050266776092878614 0.9998341559197050366 -0.04741087994367276792
0.6536715428816665119 -0.7567022821515623221 -0.01073173859721364073 417.3347357215395732 0.7564791962257729763 0.6537461298549143152 -0.01884737056806440672 239.8107455456052719 0.02127768089595355114 0.004201652810363894208 0.9997647755394021285 -0.02229906946513771082
0.6478327911853328791 -0.7616798857072146767 -0.01250705297283591019 418.7809280882375447 0.7614049442328568729 0.6479412695953764567 -0.02084759105728771489 241.4620500223009287 0.02398302655590158275 0.003982821132833571504 0.9997044321063315309 0.01474153247417508972
0.6420249284982675331 -0.7665777609688628758 -0.01274863030915042092 420.2342795304896867 0.7663096710300187908 0.6421423255463190038 -0.02056020009216090461 243.1470764084228335 0.02394742726596865365 0.003430762295791294197 0.9997073324715644027 0.0502175147114711784
0.6362833894225499165 -0.7713950060535832431 -0.009653651150944426301 421.6506457310961196 0.7711062752317718871 0.6363220653367843704 -0.02212106380154855306 244.8311674749368194 0.02320690938351702842 0.006631274471890128905 0.9997086903472149899 0.08914145641215709404
0.6304535254111660603 -0.7761912270149541326 -0.007451939455756256825 423.0445078657394902 0.7758342570140409622 0.6304108527265730455 -0.02575582279847070041 246.4903585612847223 0.02468922720749479674 0.01045637937219086842 0.9996404884708909311 0.1337771849615672082
0.6239942545770007509 -0.7814171243861420812 -0.004295110125006842972 424.4473601223813262 0.7810777904984144149 0.6238691962701646831 -0.02654639590102261457 248.1999909234796746 0.02342339524937302533 0.01320998339557684191 0.9996383550533063378 0.1812860377088936215
0.6181378309427321138 -0.7860576461851400687 -0.004358764881422878476 425.8306056958721229 0.7857606574165969526 0.6180407671391900948 -0.02461299271195950544 249.9252171016285615 0.02204112550782885011 0.01178927596922870955 0.9996875520673794702 0.2279808389452027129
0.6127456246278909502 -0.7902421440687151799 -0.007755851794348834344 427.1866031260523187 0.78990203428774175 0.6127264888588266345 -0.02492039483678943138 251.6429434859714718 0.02444536208492420828 0.009143499790251832099 0.9996593523216409372 0.2628966324381925013
0.6069904044495707529 -0.7946405241213275739 -0.01044444016348124171 428.5407227059537831 0.7942268784087327393 0.6070274477137601599 -0.02685783563950189592 253.3451432802163481 0.02768238644457535896 0.00800719340969285355 0.9995846989297270113 0.2988603747409290801
0.6017983538520179643 -0.7985603496785871336 -0.01183677414730206594 429.8802015236549892 0.7981284756392087454 0.6018753070526561277 -0.02714868567912461991 255.0948902214586838 0.02880412600365617887 0.006890767844271258706 0.9995613236033504823 0.3514538566564442412
0.5956334137462093725 -0.8031710308379641505 -0.01171032244299879607 431.2154426586135401 0.802722330585110222 0.5957056641203114511 -0.02777807975702406215 256.8531744765130611 0.02928645436111778841 0.007145415149643602644 0.99954552004063002 0.4020784090817461909
0.5891428369528706188 -0.8079733137264093479 -0.009478500571748278009 432.5201154728233064 0.8075250338042366804 0.589149144244291767 -0.02840080308169529513 258.6011642736745557 0.02853134147897309209 0.009078003204675300433 0.9995516757082777426 0.4606957514409399934
0.5815750258883409796 -0.8134672613790784323 -0.006442354181334192416 433.8373081275411778 0.8129988211402535692 0.5814796026168391752 -0.0302388585287332104 260.3702560234803514 0.02834441898387712877 0.01234853857688921266 0.9995219394828116499 0.5160338439572631497
0.5746775004127833153 -0.8183550138916827477 -0.006390755640717097133 435.1529718913554916 0.8178852465067300015 0.5745840760659461921 -0.03027974699479237669 262.1431684593410978 0.02845160919774461852 0.0121741845635265928 0.9995210328773836972 0.5741087439406507009
0.5672507788389946626 -0.8235057776831010701 -0.008049101136453679431 436.4474953673014852 0.8229621739252567236 0.5671898569010958013 -0.03207688446108777208 263.9388529301368749 0.03098086820554667165 0.01157153192388031201 0.9994529931188185223 0.6169625417567108361
0.5608185510350999214 -0.8278692145942004865 -0.01072922840061708849 437.7173949818890151 0.8273099959947209925 0.5608505455276474594 -0.03169914996581126021 265.7490995429083682 0.03226024398707676849 0.008901073447729638752 0.9994398669001414159 0.6781648310815453495
0.5541519688597031923 -0.8323295947819920881 -0.01195997738121651853 438.945981076454359 0.8317320486547060687 0.5542219293184984519 -0.03255537287648319067 267.5752177399281209 0.03372528205308333166 0.008093127487321773519 0.9993983723410369002 0.7412797902403887029
0.5468511659623060961 -0.8371488521468311017 -0.0116448115016767155 440.1851783643546128 0.8364835769680397659 0.5468980050018790173 -0.03460921246891127817 269.4048088373151018 0.03534158667094480094 0.009185394613620204499 0.9993330779962065202 0.8011035797897698707
0.5399652902400522425 -0.8416368172743685649 -0.009217002997038148404 441.377053310886879 0.8410129003985952201 0.5399385775983631675 -0.03411207680864788289 271.2197082994575794 0.03368659524378982834 0.01066771903115092124 0.9993755115428601954 0.8759863437361306016
0.5324617091888297349 -0.8464257156580770047 -0.006930809507008325529 442.6054243660830139 0.8457981140368332484 0.5323535266582573033 -0.03500389901500090134 273.0965484399416709 0.03331784115824764497 0.01277617028802438374 0.9993631426730351652 0.9469230998645985498
0.5244046765958472189 -0.8514344675208237456 -0.007686525999186012183 443.8115209318530106 0.8507518926364933121 0.5243120327559503968 -0.03630577753950191278 274.9752209650287682 0.03494212843873997776 0.01249959298755616566 0.9993111666719811659 1.007758003579474426
0.5164062273020137983 -0.8562770725810846528 -0.01068566215397135158 444.9751474688996495 0.8555070985817631035 0.516412987070013374 -0.03775223253848145055 276.8378774639285211 0.03784458587320460587 0.01035382815165654911 0.9992299963285187214 1.075743513729797707
0.5087959548768952178 -0.8607802441256515724 -0.01356641529262920046 446.1211311450404082 0.8599238495632715029 0.5089088043229544889 -0.03927851619988778631 278.7206195482670523 0.04071423894895333934 0.008318666092857763747 0.9991362021972995944 1.141806537719572301
0.502312087459394041 -0.864520112330270929 -0.0169570683976318741 447.2739980484252555 0.8636909825152422338 0.5025780536803079457 -0.0381206857331966506 280.6215606898771853 0.04147834994357580546 0.004502814161096714042 0.999129256478153982 1.221109384951675647
0.4962458975380300563 -0.8679809420225503835 -0.01868404298649253142 448.3891899984809015 0.8670713225579349537 0.496584498105336003 -0.03988931986265370488 282.5217496309044236 0.0439013755400509062 0.003594513474396773302 0.9990294033203296342 1.304468333182549289
0.4898857052333678297 -0.8715720115692427994 -0.0193448819368251361 449.487954086152115 0.8705885108563197194 0.490254946950438919 -0.04154192768274180686 284.4141640651399712 0.04569070554261199513 0.003509364581541631316 0.9989494700870771293 1.390269391863322435
0.4829070296331721135 -0.8755604067008849745 -0.0139561795863836751 450.5696947225956137 0.8746116399195098534 0.4830451667618091971 -0.04149513447817129719 286.3276523419916657 0.04307296191547804048 0.007832055020024515993 0.9990412298128596991 1.479975910338487965
0.4749107452310782351 -0.8800120697717508378 -0.006208149490889011343 451.6663381167412581 0.879078329443178319 0.4747118978857234328 -0.04324239481256114681 288.2687936434802509 0.04100091178806736236 0.01507882826262569968 0.9990453213797526599 1.559799380845268812
0.467059256701945702 -0.8842139045305953404 -0.004628365130934688175 452.7344382321682588 0.8831695581198741873 0.4667506270106774879 -0.04642611113894286323 290.2234822438439892 0.04321090532923415467 0.01759611377261155116 0.9989110042645086285 1.641510213675950958
0.4599044686262517834 -0.8879508610366054766 -0.005581050255663265458 453.7796770534881716 0.8868060921089261361 0.4596148829582034079 -0.0482608988914641629 292.2192465240812567 0.04541844048511667342 0.01724609369301583622 0.9988191715802373638 1.725207160907835879
0.4528133682132182702 -0.8915758969712890281 -0.007243859968398452635 454.8156416266047017 0.8904159255588459665 0.4526139043315025035 -0.04795970305347117824 294.1789516448329209 0.04603838701110273685 0.01526674639976787276 0.9988230040281316224 1.812722693516369388
0.446155716054954854 -0.8949066352227765808 -0.009337626343930365003 455.8380751313937367 0.8937734525147226217 0.4460782987975416836 -0.04672437181818589469 296.1562585694975951 0.04597926284101822719 0.01250062303005361822 0.9988641758579877017 1.896983298347475699
0.4393724247317426501 -0.8982750384121734877 -0.007336739804419478185 456.859288192963902 0.8971281955100289807 0.4392001186903149446 -0.04758420497741707583 298.1510823994910879 0.04596600054680304026 0.01432519137819455481 0.9988402853738476139 1.988114391390549462
0.4317970373518583704 -0.9019517055688397456 -0.005868505399085876748 457.895345578387662 0.9007078991068387941 0.4315275085049147252 -0.05009281275877507794 300.1617741878978336 0.0477137194180328808 0.01634411897295268493 0.9987273255269905059 2.068146270575746293
0.4253699138418385317 -0.9049975413118623857 -0.006315585299166070685 458.8450906095475261 0.9037069108265501916 0.4251183198195351842 -0.05087468405945527045 302.1432671836454915 0.04872633499988324873 0.01593312189433030573 0.9986850754387889273 2.168119067742072303
0.4181215324696156976 -0.9083750887225652271 -0.005392798302564194048 459.8294995739104252 0.9070976895606437385 0.4178355239967781465 -0.0508650811468931846 304.2034770836430653 0.04845787530425040707 0.01637599079780780245 0.998690973848461172 2.262616424582934549
0.4110361428633455549 -0.9116092289585018271 -0.004231186324122442922 460.7538070014434766 0.9103088234163245751 0.4106897161087668113 -0.05168948725696094482 306.1842730523910632 0.0488583183338356028 0.01739456122431813981 0.998654241451666258 2.359862410569915081
0.4027977601843838462 -0.9152808447651100687 -0.003865177422846176498 461.7138668480745309 0.9138952550419796594 0.4024137723992921023 -0.05346605086525200307 308.24566732835018 0.05049185282992230128 0.01800363822779333864 0.9985621872514320874 2.465414811862290723
0.3955892870394077665 -0.9184209775803221509 -0.003467552459337279198 462.6288761611913287 0.9170315188329892786 0.3951932672840438032 -0.05362345531782674452 310.2503865888390919 0.05061925964011749352 0.01803300955934948255 0.9985552068462307806 2.569099492758232017
0.387087341066199242 -0.9220424836507580268 -0.001024074919950009217 463.531652526453172 0.9205835961119448463 0.3865368673112444808 -0.05581301621314734007 312.298402489755631 0.05185781480065988075 0.02066176547033624425 0.9984407135587717308 2.665059851727675344
0.3790461639743459843 -0.9253762774183251771 0.00165854386020304178 464.4033551299835381 0.9239134909376364169 0.3783449853838186661 -0.05691162709278468901 314.3986697836423332 0.0520371678683940464 0.0231044849828118716 0.998377842269105864 2.782016354118188595
